PathFileType,4,(X/Y/Z),Kaydara,,,,,,,,,,,,,,,,,,,,,,,,,,,,,,,,,,,,,,,,,,,,,,,,,,,,,,,,,,,,,,,,,,,,,,,,,,,,,,,,,,,,,,,,,,,,,,,,,,,,,,,,,,,,,,,,,,,,,,,,,
DataRate,CameraRate,NumFrames,NumMarkers,Units,OrigDataRate,OrigDataStartFrame,OrigNumFrames,,,,,,,,,,,,,,,,,,,,,,,,,,,,,,,,,,,,,,,,,,,,,,,,,,,,,,,,,,,,,,,,,,,,,,,,,,,,,,,,,,,,,,,,,,,,,,,,,,,,,,,,,,,,,,,,,,,,,
30,30,128,41,mm,30,1,128,,,,,,,,,,,,,,,,,,,,,,,,,,,,,,,,,,,,,,,,,,,,,,,,,,,,,,,,,,,,,,,,,,,,,,,,,,,,,,,,,,,,,,,,,,,,,,,,,,,,,,,,,,,,,,,,,,,,,
Frame#,Time,EMLA_LFHD,,,EMLA_RFHD,,,EMLA_LBHD,,,EMLA_RBHD,,,EMLA_LFTShould,,,EMLA_RFTShould,,,EMLA_LRRShould,,,EMLA_RRRShould,,,EMLA_T10,,,EMLA_STRN,,,EMLA_TRUN,,,EMLA_LSHO,,,EMLA_LUPA,,,EMLA_LELB,,,EMLA_LFRM,,,EMLA_LWRA,,,EMLA_LWRB,,,EMLA_LFIN,,,EMLA_RSHO,,,EMLA_RUPA,,,EMLA_RELB,,,EMLA_RFRM,,,EMLA_RWRA,,,EMLA_RWRB,,,EMLA_RFIN,,,EMLA_LFWT,,,EMLA_RFWT,,,EMLA_LBWT,,,EMLA_RBWT,,,EMLA_LTHI,,,EMLA_LKNE,,,EMLA_LSHN,,,EMLA_LANK,,,EMLA_LHEE,,,EMLA_LTOE,,,EMLA_RTHI,,,EMLA_RKNE,,,EMLA_RSHN,,,EMLA_RANK,,,EMLA_RHEE,,,EMLA_RTOE,,
X1,Y1,Z1,X2,Y2,Z2,X3,Y3,Z3,X4,Y4,Z4,X5,Y5,Z5,X6,Y6,Z6,X7,Y7,Z7,X8,Y8,Z8,X9,Y9,Z9,X10,Y10,Z10,X11,Y11,Z11,X12,Y12,Z12,X13,Y13,Z13,X14,Y14,Z14,X15,Y15,Z15,X16,Y16,Z16,X17,Y17,Z17,X18,Y18,Z18,X19,Y19,Z19,X20,Y20,Z20,X21,Y21,Z21,X22,Y22,Z22,X23,Y23,Z23,X24,Y24,Z24,X25,Y25,Z25,X26,Y26,Z26,X27,Y27,Z27,X28,Y28,Z28,X29,Y29,Z29,X30,Y30,Z30,X31,Y31,Z31,X32,Y32,Z32,X33,Y33,Z33,X34,Y34,Z34,X35,Y35,Z35,X36,Y36,Z36,X37,Y37,Z37,X38,Y38,Z38,X39,Y39,Z39,X40,Y40,Z40,X41,Y41,Z41,,
,,,,,,,,,,,,,,,,,,,,,,,,,,,,,,,,,,,,,,,,,,,,,,,,,,,,,,,,,,,,,,,,,,,,,,,,,,,,,,,,,,,,,,,,,,,,,,,,,,,,,,,,,,,,,,,,,,,,,,,,,,,,
1,0.01,262.52895,1645.94864,-1943.7381,90.95585,1640.87738,-1938.07663,271.36921,1620.383,-2091.35788,76.60451,1618.05252,-2088.85284,263.64288,1403.76678,-1984.70642,112.91875,1392.77527,-1976.5686,247.67412,1449.68094,-2133.36182,92.83226,1438.45474,-2123.70163,183.01525,1271.9059,-2173.07816,190.39915,1333.48511,-1941.59042,187.64387,1230.5455,-1918.96744,385.1815,1427.48322,-2046.48026,445.7687,1247.70676,-2069.35547,470.85636,1107.30362,-2075.01465,476.97731,971.0701,-2066.07574,406.86131,827.34261,-1974.39117,457.45018,807.51099,-2039.13605,459.6172,776.996,-1975.92072,-13.13576,1420.73044,-2037.83813,-67.96757,1225.26489,-2030.05783,-83.64588,1081.48621,-2041.42929,-83.25135,979.28589,-2037.34482,-10.29062,831.00044,-1921.82693,-57.1189,797.41844,-1989.85992,-67.86691,778.69774,-1928.23975,290.12589,991.71303,-1941.64429,54.28531,978.81874,-1957.49649,270.52662,1014.50066,-2140.45258,94.96603,1015.79842,-2137.939,316.66391,729.3251,-2132.76733,325.28194,524.34181,-2097.36053,301.99703,341.55067,-2093.16116,305.22182,166.86571,-2171.19461,239.93557,86.36185,-2230.84183,276.69073,74.31385,-2033.53119,67.71341,715.89645,-2156.09467,32.36125,511.96861,-2102.39792,74.71658,290.48615,-2098.91403,39.61024,130.87072,-2181.2529,96.84336,78.66339,-2233.10379,58.21407,71.7689,-2032.84607
2,0.043,263.85309,1645.76187,-1943.10944,92.51286,1640.97504,-1937.65762,272.90279,1620.33646,-2090.96481,78.15446,1618.15475,-2088.34747,265.19346,1403.67218,-1984.61075,114.37694,1392.84744,-1976.02127,248.71901,1449.41986,-2132.88956,93.85337,1438.50784,-2123.03482,183.67941,1271.91681,-2172.75177,191.82175,1333.48831,-1941.28403,189.18982,1230.7132,-1918.52798,386.47373,1427.37808,-2046.89301,447.07817,1247.66975,-2070.24582,472.33414,1107.36465,-2076.08414,478.64288,971.17043,-2067.06985,408.92815,827.66487,-1974.43985,459.05502,807.61696,-2039.40323,461.73065,777.26067,-1976.36703,-11.83205,1420.94696,-2036.78421,-66.8283,1225.45593,-2028.57498,-82.70206,1081.66748,-2039.51431,-82.40061,979.51653,-2035.25421,-8.97708,831.36787,-1919.76685,-54.78924,799.01863,-1985.04654,-66.72516,779.14337,-1925.7785,291.69289,991.55312,-1941.78772,55.32521,978.62938,-1957.27921,271.54562,1014.47769,-2140.44357,95.96467,1015.79613,-2137.71347,317.68955,729.2952,-2132.93884,325.92144,524.22756,-2097.4263,302.40215,341.47629,-2093.20786,305.45803,166.80681,-2171.21063,240.06351,86.34155,-2230.83267,276.75095,74.31124,-2033.52249,68.46507,715.7653,-2155.80551,32.95554,511.93695,-2102.21848,75.02319,290.45418,-2098.8118,39.70115,130.91231,-2181.1499,96.89767,78.66389,-2233.06686,58.23501,71.74944,-2032.86697
3,0.077,263.86995,1645.18631,-1941.4296,93.96583,1641.00372,-1937.15027,274.35476,1620.28503,-2090.51971,79.60228,1618.22327,-2087.85172,266.61694,1403.75549,-1984.5459,115.98636,1392.90482,-1975.3688,249.73175,1449.56497,-2132.91992,94.90505,1438.62198,-2122.3085,184.49276,1271.97968,-2172.39944,193.41616,1333.52859,-1940.81696,190.83496,1230.68771,-1918.04382,387.72697,1427.37579,-2047.11182,448.4774,1247.72552,-2070.79468,473.98693,1107.50694,-2076.8956,480.01987,971.08353,-2067.29752,410.76244,828.01277,-1974.02557,460.40154,807.77519,-2039.1626,463.30879,777.55234,-1976.13571,-10.46893,1421.08215,-2035.68314,-65.52627,1225.61867,-2026.91681,-81.6831,1081.88423,-2037.66083,-81.42842,979.71527,-2033.32016,-8.02922,831.56075,-1917.9718,-55.26575,802.30324,-1982.91122,-65.75697,779.37668,-1923.82553,292.73825,991.48483,-1941.72455,56.57965,978.66005,-1956.89407,272.47431,1014.56627,-2140.42358,96.86762,1015.93063,-2137.42554,318.46062,729.32152,-2133.10959,326.53774,524.19258,-2097.47162,302.79928,341.44962,-2093.24905,305.5649,166.75936,-2171.23886,240.06422,86.39219,-2230.80811,276.77868,74.28957,-2033.5556,69.08094,715.80971,-2155.61081,33.5308,512.00592,-2102.14569,75.34646,290.45607,-2098.82889,39.79736,131.00429,-2181.17111,96.9294,78.71823,-2233.0719,58.22538,71.77877,-2032.82806
4,0.11,265.34821,1645.09155,-1940.81345,95.66592,1641.00845,-1936.45401,275.78863,1620.20294,-2089.98688,81.05102,1618.25348,-2087.17529,267.95065,1403.61862,-1984.20135,117.65877,1393.18024,-1974.51431,250.75638,1449.64645,-2132.65701,96.00236,1438.70316,-2121.60736,185.38393,1272.06909,-2172.00317,194.9835,1333.63983,-1940.32089,192.31548,1230.77354,-1917.48444,389.01409,1427.29736,-2047.04926,449.88583,1247.7771,-2070.96466,475.41504,1107.52098,-2076.9075,481.34594,971.05721,-2067.09198,411.91307,828.34297,-1973.22601,461.43532,807.91458,-2038.28369,464.27254,777.77328,-1974.9791,-9.1086,1421.16379,-2034.62662,-64.30403,1225.75027,-2025.45578,-80.47458,1082.07703,-2035.89737,-80.46787,980.12985,-2031.69373,-7.06844,831.53397,-1916.44775,-55.41173,804.74998,-1981.46103,-64.91641,779.48769,-1922.22931,293.6414,991.3739,-1941.53885,57.7538,978.54042,-1956.56433,273.39573,1014.60709,-2140.36789,97.8121,1016.08574,-2137.06146,319.24023,729.29054,-2133.15704,327.18761,524.08276,-2097.38312,303.2251,341.32263,-2093.15063,305.75846,166.68104,-2171.19705,240.13317,86.4308,-2230.83786,276.75568,74.28252,-2033.52005,69.89289,715.83427,-2155.44357,34.14252,512.01393,-2102.03369,75.6463,290.40579,-2098.75854,39.87441,131.03726,-2181.12259,96.97367,78.71368,-2233.07892,58.26483,71.76578,-2032.83493
5,0.143,266.82558,1645.00244,-1940.16144,97.08659,1641.01639,-1935.79941,277.24092,1620.31097,-2089.45694,82.44534,1618.34671,-2086.48788,269.48862,1403.6705,-1983.86856,119.02022,1393.15765,-1973.85437,252.00045,1449.73358,-2132.4263,97.19396,1438.83957,-2120.83191,186.41514,1272.17262,-2171.5448,196.33137,1333.58047,-1939.73175,193.85258,1230.82764,-1916.80618,390.32581,1427.32056,-2046.85242,451.1042,1247.8022,-2070.46555,476.79878,1107.5647,-2076.57181,482.60883,971.0453,-2066.44638,412.76554,828.73474,-1972.05322,462.53788,807.95692,-2036.78421,465.31551,778.24631,-1973.11264,-7.75238,1421.39526,-2033.68317,-62.96216,1226.00708,-2024.10248,-79.20117,1082.22145,-2034.33792,-79.35058,980.22758,-2030.11047,-6.12417,831.51543,-1915.23621,-54.62049,804.81728,-1980.28397,-64.17219,779.57779,-1921.03745,295.47192,991.28372,-1941.71616,58.96355,978.11768,-1956.37482,274.35047,1014.61472,-2140.34378,98.75544,1016.12717,-2136.70395,320.35645,729.20197,-2133.14362,327.96856,523.96339,-2097.29324,303.62951,341.29253,-2093.09601,306.00668,166.57625,-2171.12305,240.30289,86.45921,-2230.84213,276.72966,74.29515,-2033.52295,70.68408,715.63248,-2155.02548,34.86177,511.93317,-2101.88004,76.05664,290.3462,-2098.68683,40.02175,131.03372,-2181.13083,96.98766,78.64458,-2233.1488,58.31627,71.7639,-2032.85004
6,0.177,268.14735,1644.97589,-1939.34692,98.52919,1641.0527,-1934.97116,278.6517,1620.41824,-2088.70529,83.87774,1618.52432,-2085.7338,270.90914,1403.81058,-1983.44559,120.32452,1393.28079,-1973.20999,253.2613,1449.53156,-2131.55548,98.40566,1438.90549,-2120.05035,187.4691,1272.26028,-2170.94604,197.94994,1333.7706,-1939.05609,195.35679,1230.84076,-1916.16791,391.61133,1427.32147,-2046.5155,452.39746,1247.74132,-2070.07751,478.15617,1107.57797,-2076.03088,483.59989,970.84541,-2065.06393,413.76308,829.54651,-1970.3952,463.63514,808.25027,-2034.76746,466.04332,778.63342,-1970.57816,-6.4335,1421.50208,-2032.68143,-61.52068,1225.90294,-2022.71988,-77.92562,1082.41539,-2032.98935,-78.25175,980.44937,-2028.87512,-5.32829,831.4666,-1914.27338,-53.87625,804.85901,-1979.35944,-63.45077,779.6769,-1920.06821,296.62481,990.9549,-1941.72211,60.31957,977.89421,-1955.56854,275.27344,1014.68887,-2140.29617,99.67184,1016.26068,-2136.17355,321.8132,729.09607,-2133.06885,328.75877,523.78471,-2097.07886,303.96408,341.21635,-2092.97806,306.2833,166.48996,-2170.97656,240.5599,86.54264,-2230.92484,276.66178,74.27386,-2033.52951,71.53608,715.38658,-2154.41086,35.48966,511.81252,-2101.6275,76.44065,290.26501,-2098.63876,40.11974,131.08256,-2181.10764,96.99175,78.64439,-2233.19702,58.35394,71.77781,-2032.87903
7,0.21,269.6929,1644.94965,-1938.50754,99.92302,1641.04279,-1934.1301,280.12501,1620.48737,-2087.83859,85.31804,1618.66333,-2084.85077,272.2497,1403.85101,-1982.8775,121.82751,1393.51868,-1972.23358,254.38951,1449.47525,-2130.81711,99.60997,1439.00024,-2119.2012,188.39087,1272.28897,-2170.24567,199.22729,1333.87589,-1938.36456,196.45168,1231.05545,-1915.02228,392.89436,1427.2847,-2046.2326,453.64067,1247.68784,-2069.5108,479.34139,1107.47337,-2075.17853,484.21883,970.42557,-2062.98294,414.09126,829.92653,-1968.31635,464.35925,808.32138,-2032.44415,466.48903,778.84384,-1967.95898,-5.0887,1421.7218,-2031.62491,-60.27683,1226.33705,-2021.85425,-76.69136,1082.61253,-2031.91437,-77.29149,980.7914,-2027.9953,-4.43962,831.48079,-1913.46191,-53.01834,805.05722,-1978.66272,-62.63214,779.80148,-1919.26224,297.99038,990.78079,-1941.78955,62.01086,977.34818,-1954.90402,276.19167,1015.1358,-2140.2829,100.58777,1016.44913,-2135.34088,323.07533,729.17648,-2133.40698,329.8167,523.84148,-2097.34253,304.63181,341.26167,-2093.21014,306.71896,166.46303,-2171.05026,240.88549,86.58175,-2231.12717,276.70826,74.29412,-2033.57101,72.2344,715.26199,-2153.72482,36.31252,511.68877,-2101.25565,76.9328,290.24893,-2098.54324,40.23413,131.12531,-2181.07025,97.00072,78.63411,-2233.25241,58.39392,71.77302,-2032.87704
8,0.243,271.14473,1644.74945,-1937.53357,101.49766,1640.96909,-1933.1337,281.57871,1620.46371,-2086.92673,86.78075,1618.78372,-2083.93768,273.71822,1403.82874,-1982.19116,123.27525,1393.54584,-1971.37314,255.49194,1449.59229,-2130.1503,100.70109,1439.1037,-2118.07571,189.33529,1272.44873,-2169.56573,200.74223,1333.73291,-1937.6416,198.1332,1230.97443,-1914.45251,394.13937,1427.2905,-2045.82993,454.86469,1247.64236,-2068.88992,480.47375,1107.33086,-2074.23035,485.31685,970.48416,-2061.80603,414.59343,830.45998,-1965.91232,464.77188,808.49342,-2030.03632,466.70906,779.1024,-1965.27786,-3.78988,1421.84372,-2030.27328,-59.1021,1226.50856,-2020.74509,-75.62637,1082.79312,-2030.96451,-76.13254,980.9111,-2027.08725,-3.43102,831.53618,-1912.77374,-51.98707,805.14771,-1977.97287,-61.70885,779.82422,-1918.6673,300.33735,990.73441,-1941.99326,64.11228,977.25716,-1953.85071,277.19656,1015.35057,-2140.30807,101.52616,1016.65161,-2134.57733,323.67306,729.22241,-2133.89099,330.60078,523.80722,-2097.76398,305.27224,341.23474,-2093.50845,306.87273,166.43124,-2171.22345,240.8917,86.62195,-2231.05774,276.76094,74.27477,-2033.58231,73.09426,715.12901,-2152.98187,37.12922,511.68804,-2100.74951,77.44969,290.19135,-2098.30521,40.39283,131.23111,-2181.0144,97.08971,78.68251,-2233.26981,58.4568,71.77233,-2032.87201
9,0.277,272.58982,1644.51996,-1936.47156,103.02557,1641.05042,-1932.01569,282.98603,1620.29129,-2085.84305,88.20146,1618.88062,-2082.85416,275.05402,1403.81241,-1981.45493,124.62854,1393.45551,-1970.159,256.53479,1449.91486,-2129.64188,101.68782,1439.19052,-2116.86935,190.3664,1272.62299,-2168.82492,202.27016,1333.64304,-1936.76361,199.58294,1230.68665,-1913.71002,395.40329,1427.34802,-2045.24658,455.93712,1247.51305,-2068.07037,481.47743,1107.20238,-2073.14301,485.61409,970.08667,-2059.4841,414.89555,831.08917,-1963.45367,465.06813,808.53409,-2027.42157,467.03545,779.75815,-1962.45773,-2.44896,1421.69571,-2028.74466,-57.99847,1226.45859,-2019.46533,-74.64645,1082.79022,-2029.99161,-75.10831,980.80444,-2026.21597,-2.38615,831.17302,-1912.23373,-51.0551,804.98642,-1977.50229,-60.63619,779.58702,-1918.18192,301.87235,990.54726,-1942.22519,66.05868,977.13066,-1953.02109,278.27549,1015.30136,-2140.44754,102.6117,1016.68976,-2133.96729,324.57954,729.37981,-2134.51538,331.4851,523.83579,-2098.20984,305.82727,341.2513,-2093.67462,306.91399,166.42782,-2171.28204,240.7408,86.71284,-2230.97275,276.83479,74.27081,-2033.59695,74.14243,714.92393,-2152.08206,38.07625,511.63792,-2100.1088,77.96672,290.13762,-2098.02841,40.60514,131.2863,-2180.8754,97.25056,78.72347,-2233.2283,58.51854,71.78441,-2032.84042
10,0.31,274.1663,1644.50211,-1935.34607,104.63457,1641.10519,-1930.67429,284.40037,1620.21393,-2084.74396,89.58738,1618.96286,-2081.56891,276.55514,1403.74237,-1980.57999,126.25702,1393.30276,-1968.77319,257.58478,1450.21194,-2128.8472,102.78989,1439.32999,-2115.54352,191.4613,1272.97531,-2168.05634,204.0546,1333.50845,-1935.80811,201.13554,1230.59715,-1912.88086,396.69544,1427.51038,-2044.5491,456.98906,1247.60216,-2067.01935,482.43515,1107.20993,-2072.02789,486.16631,970.08957,-2057.86957,415.16426,831.84402,-1961.05759,465.48923,809.04495,-2025.05066,467.28439,780.52902,-1959.59793,-1.07284,1421.61377,-2027.10281,-56.74584,1226.30142,-2017.98248,-73.47125,1082.6915,-2028.78128,-74.0394,980.72327,-2025.27771,-1.23715,830.83755,-1911.76743,-50.02262,804.78058,-1977.02164,-59.5399,779.25201,-1917.74872,304.20795,990.55809,-1942.35138,67.93184,976.98746,-1952.1405,279.41034,1015.23041,-2140.57205,103.70197,1016.73508,-2133.34427,325.70213,729.31137,-2134.88693,332.33681,523.72578,-2098.36945,306.41308,341.18217,-2093.66791,307.12824,166.38052,-2171.2912,240.79531,86.75832,-2230.91309,276.86356,74.28645,-2033.61252,75.25924,714.77745,-2151.12335,38.88903,511.7675,-2099.76242,78.45948,290.13535,-2097.81082,40.84579,131.45502,-2180.84076,97.3928,78.8363,-2233.16483,58.55632,71.76343,-2032.83051
11,0.343,275.66895,1644.34448,-1934.15482,106.07901,1641.08856,-1929.36325,285.74261,1620.28214,-2083.55484,90.94794,1619.10141,-2080.22278,277.87855,1403.85529,-1979.90524,127.67124,1393.28857,-1967.62405,258.69225,1450.16693,-2127.69226,103.83648,1439.41589,-2114.26254,192.40461,1273.15514,-2167.21375,205.7003,1333.54996,-1934.90982,203.17457,1230.50674,-1912.02469,398.02521,1427.73819,-2044.15665,458.26389,1247.72255,-2066.46286,483.51154,1107.31087,-2071.27014,486.80908,970.03563,-2056.42334,415.65884,832.62848,-1958.53622,465.47146,809.27376,-2022.46368,467.40391,781.06087,-1957.1582,0.21846,1421.60172,-2025.44128,-55.26454,1226.33499,-2016.68793,-72.13213,1082.67807,-2027.40829,-72.86759,980.81856,-2024.27155,0.18217,830.28572,-1911.58249,-49.01445,804.60152,-1976.7659,-58.4115,778.85971,-1917.49176,305.55769,990.37819,-1942.16904,69.63858,976.94206,-1951.45004,280.67751,1015.34958,-2140.34958,104.94874,1016.91994,-2132.64862,326.70616,729.37805,-2135.01511,333.18233,523.6166,-2098.31161,307.03476,341.10615,-2093.67416,307.34991,166.32481,-2171.30325,240.87175,86.76907,-2230.92285,276.92612,74.29218,-2033.62335,76.57602,714.78172,-2150.54657,39.76717,511.82541,-2099.37347,78.91768,290.14217,-2097.57309,41.04259,131.63109,-2180.72006,97.55843,78.93103,-2233.09616,58.56544,71.79058,-2032.80182
12,0.377,277.07756,1643.98285,-1932.83127,107.55201,1640.83511,-1927.94662,286.99398,1620.41367,-2082.37686,92.21545,1619.40201,-2078.81409,279.42532,1404.01688,-1979.2778,129.26767,1393.21457,-1966.63177,259.64916,1450.24643,-2127.02454,104.85001,1439.38187,-2113.13126,193.41997,1273.23891,-2166.39572,207.2563,1333.59634,-1934.08676,204.69198,1230.55122,-1911.17798,399.23435,1427.82578,-2043.75275,459.54906,1247.79327,-2066.1377,484.63001,1107.18018,-2070.41687,487.59659,969.88892,-2055.00397,416.1615,833.46794,-1956.24527,465.51727,809.42337,-2020.28214,467.43721,781.4045,-1955.00702,1.57564,1421.44608,-2023.92334,-53.94755,1226.21117,-2015.06378,-70.73021,1082.56241,-2025.97153,-71.5624,980.74135,-2023.14941,1.49509,829.84573,-1911.02936,-47.92093,804.31992,-1976.27365,-57.22153,778.39439,-1917.17911,307.55642,990.33096,-1941.92734,71.21658,976.76872,-1950.86868,282.11124,1015.49042,-2139.91989,106.37651,1017.02103,-2132.09396,327.82566,729.30168,-2134.9176,334.00669,523.51376,-2098.31131,307.4884,341.02524,-2093.58078,307.50238,166.24449,-2171.19553,240.8312,86.87588,-2230.85144,276.94975,74.28627,-2033.63693,77.71538,714.63036,-2149.85275,40.62763,511.77593,-2098.95477,79.39942,290.14887,-2097.35062,41.3277,131.69365,-2180.52292,97.73668,78.991,-2233.04016,58.62661,71.78772,-2032.78534
13,0.41,278.49957,1643.68576,-1931.58112,108.96858,1640.56305,-1926.49261,288.23017,1620.6517,-2081.18134,93.48089,1619.70703,-2077.42828,280.61665,1403.85345,-1978.52386,130.54939,1393.23334,-1965.67535,260.75705,1450.15182,-2126.09787,105.92119,1439.39316,-2112.12311,194.51412,1273.32359,-2165.63202,208.61311,1333.37311,-1933.31635,206.06079,1230.42564,-1910.38788,400.46455,1427.87827,-2043.2074,460.68134,1247.78526,-2065.39886,486.01891,1107.15942,-2069.67621,488.48213,969.78622,-2053.64944,416.63277,834.07814,-1954.2514,465.75932,809.51988,-2018.18573,467.53136,781.84921,-1952.97989,2.7667,1421.29852,-2022.67334,-52.62388,1225.94742,-2013.51532,-69.31689,1082.32948,-2024.51324,-70.35748,980.65727,-2022.03812,2.67851,829.19807,-1910.43732,-46.9573,804.11682,-1975.71823,-55.96334,777.91046,-1916.59943,308.76492,989.9791,-1941.32767,72.61846,976.59409,-1950.44968,283.68774,1015.42885,-2139.37256,107.88076,1017.13654,-2131.52786,328.98933,729.35547,-2134.88861,334.87309,523.47557,-2098.72681,308.04255,341.05911,-2093.74908,307.68326,166.24945,-2171.24878,240.80341,86.97648,-2230.80811,277.03648,74.2631,-2033.71704,78.94609,714.55093,-2149.25125,41.54331,511.79832,-2098.68607,79.96334,290.15371,-2097.21436,41.61465,131.90953,-2180.47043,98.0139,79.1348,-2232.98904,58.65186,71.78116,-2032.7774
14,0.443,279.8579,1643.39294,-1930.3688,110.06173,1640.43198,-1925.26535,289.42276,1620.76645,-2080.05798,94.67634,1619.89761,-2076.12869,281.78116,1403.83331,-1977.65686,131.98819,1393.13232,-1964.72137,262.35649,1450.13077,-2124.98184,107.04644,1439.3927,-2111.15555,195.71421,1273.43781,-2164.87793,209.86801,1333.30063,-1932.49344,207.63811,1230.29053,-1909.68826,401.62682,1427.95868,-2042.30225,461.95599,1247.90817,-2064.6582,487.30881,1107.34474,-2068.98102,489.42429,969.81644,-2052.46841,417.05318,834.61639,-1952.7597,466.29513,809.62776,-2016.36734,467.88628,782.39433,-1951.29791,3.97136,1421.09619,-2021.58188,-51.21704,1225.80864,-2012.45468,-67.91376,1082.14081,-2023.25531,-68.96716,980.47928,-2020.9053,4.10395,828.76831,-1909.61197,-45.63533,803.7928,-1974.86115,-54.65334,777.547,-1915.75867,309.83749,989.60785,-1940.71594,73.99363,976.63185,-1949.9826,285.15139,1015.49232,-2138.83911,109.29741,1017.30034,-2131.10001,329.94713,729.38118,-2134.81735,335.58971,523.40168,-2098.94852,308.545,341.04034,-2093.87833,307.82799,166.18994,-2171.31729,240.83593,86.96997,-2230.79224,277.10032,74.25787,-2033.75458,80.11346,714.4664,-2148.75397,42.39491,511.91479,-2098.46634,80.46622,290.18526,-2097.03873,41.96195,132.05436,-2180.3923,98.33529,79.18777,-2232.85706,58.68939,71.79551,-2032.74689
15,0.477,281.12631,1643.18832,-1929.23294,111.50596,1640.25818,-1923.90564,290.58451,1620.85159,-2078.992,95.83288,1620.11703,-2074.88174,283.30244,1403.89572,-1976.54587,133.15317,1392.892,-1963.8884,263.40624,1450.16983,-2123.86505,108.18827,1439.34784,-2110.31982,197.0219,1273.5289,-2164.10706,210.94421,1333.19,-1931.6449,208.84539,1230.2755,-1908.80569,402.79957,1428.10806,-2041.31577,463.20583,1248.09822,-2063.65341,488.46573,1107.45201,-2068.03116,490.38509,969.90379,-2051.45416,417.42443,834.9398,-1951.70166,466.88892,809.76227,-2015.11002,468.45894,782.75703,-1949.991,5.0997,1420.94238,-2020.77332,-49.84264,1225.53635,-2011.53107,-66.53749,1081.88683,-2022.35092,-67.61905,980.27596,-2019.93118,5.55232,828.66905,-1908.50159,-44.26154,803.60016,-1973.75244,-53.29545,777.39525,-1914.66125,311.28649,989.48799,-1940.23911,75.25103,976.61476,-1949.81781,286.44911,1015.48965,-2138.39066,110.61475,1017.36847,-2130.78079,330.98362,729.22615,-2134.54437,336.24939,523.19016,-2098.54904,308.98748,340.80482,-2093.68698,308.00934,165.95409,-2171.20819,240.83349,86.94962,-2230.7901,277.12952,74.24419,-2033.7944,81.33718,714.38805,-2148.37296,43.06079,511.97071,-2098.17581,80.76654,290.15467,-2096.82037,42.16641,132.10774,-2180.33493,98.48122,79.20434,-2232.83539,58.70121,71.79917,-2032.73941
16,0.51,282.29427,1643.06778,-1928.12286,112.58959,1640.23788,-1922.89246,291.71774,1620.95673,-2077.90314,96.9769,1620.24826,-2073.8382,284.23019,1404.01474,-1975.79315,134.03628,1392.70233,-1963.11813,264.66213,1450.34744,-2123.06488,109.38067,1439.31076,-2109.42902,198.28075,1273.63388,-2163.3902,212.19589,1333.2077,-1930.82886,209.88863,1230.20485,-1908.04108,403.89351,1428.22357,-2040.28809,464.41494,1248.27782,-2062.659,489.57188,1107.45079,-2066.94122,491.51638,969.98322,-2050.52948,418.33221,835.11627,-1950.8371,467.81441,809.86526,-2014.29443,469.21532,782.76337,-1949.24438,6.24508,1420.75256,-2020.00916,-48.64511,1225.19485,-2010.71747,-65.31947,1081.70456,-2021.74042,-66.26469,980.03181,-2019.17633,6.80345,828.75565,-1907.14142,-42.8645,803.48824,-1972.64801,-51.78397,777.40311,-1913.34381,312.74017,989.15298,-1940.00702,76.42339,976.54198,-1949.52759,287.76199,1015.4834,-2138.01437,111.86331,1017.38548,-2130.52048,332.09019,729.09119,-2134.10034,336.96053,523.01506,-2098.06351,309.38244,340.67924,-2093.33771,308.25857,165.88896,-2170.97092,240.93288,87.05571,-2230.77484,277.11483,74.23131,-2033.81317,82.48857,714.22684,-2148.11935,43.62619,512.00146,-2097.98126,81.08277,290.11841,-2096.6568,42.30767,132.1581,-2180.30426,98.57555,79.23532,-2232.78854,58.71378,71.8,-2032.72888
17,0.543,283.34702,1642.98019,-1927.02148,113.76294,1640.08514,-1921.83197,292.83848,1621.09634,-2076.89499,98.09006,1620.35904,-2072.86301,285.50209,1403.89755,-1974.78363,135.31686,1392.73544,-1962.40082,265.86624,1450.3949,-2122.30301,110.35175,1439.44992,-2108.99078,199.53947,1273.68675,-2162.65457,213.09423,1333.10059,-1930.11368,211.0408,1230.0824,-1907.35519,405.03143,1428.21732,-2039.33243,465.55607,1248.27301,-2061.54694,490.86437,1107.54219,-2065.97122,492.78618,970.01106,-2049.64401,419.33437,834.90479,-1950.44327,469.04476,809.8185,-2013.63831,470.07687,782.45399,-1948.59558,7.43331,1420.63141,-2019.31274,-47.4956,1225.12917,-2010.11414,-64.22638,1081.58203,-2021.12778,-64.91061,979.7937,-2018.27377,8.37101,829.10263,-1905.86319,-41.07347,803.48129,-1971.07132,-50.15417,777.52678,-1911.92337,313.46884,988.96927,-1939.22211,77.38875,976.58646,-1949.43924,289.11709,1015.45502,-2137.39288,113.19564,1017.5087,-2130.24734,332.97657,729.03244,-2133.72116,337.57378,522.9715,-2097.93625,309.76643,340.61287,-2093.18604,308.43813,165.82155,-2170.89752,241.00128,87.12374,-2230.74799,277.12978,74.23212,-2033.85025,83.45874,714.28062,-2147.81387,44.25961,512.11632,-2097.93015,81.32669,290.25389,-2096.56204,42.54272,132.31166,-2180.24704,98.75904,79.30999,-2232.72263,58.69085,71.81242,-2032.7272
18,0.577,284.45353,1642.93427,-1926.04919,114.73195,1639.92188,-1920.94879,293.98193,1621.17279,-2075.8725,99.20054,1620.41748,-2072.01004,286.52718,1403.80081,-1973.88458,136.2952,1392.73254,-1961.86676,267.08237,1450.15533,-2121.17889,111.84508,1439.28726,-2108.21365,200.86716,1273.70865,-2161.97586,214.35846,1333.14163,-1929.35745,211.978,1230.06241,-1906.62979,406.17123,1428.07877,-2038.27728,466.75186,1248.2106,-2060.62439,492.13161,1107.48711,-2065.06622,494.11591,969.9485,-2048.93417,420.79128,834.52232,-1950.06256,470.52635,809.67339,-2013.28232,471.63902,782.26814,-1948.52844,8.56986,1420.62088,-2018.90579,-46.43049,1225.2655,-2009.70612,-63.13933,1081.56723,-2020.53375,-63.74351,979.69658,-2017.40463,9.7988,829.34486,-1904.6196,-39.53384,803.59955,-1969.69345,-48.51813,777.78809,-1910.45395,314.0218,989.01573,-1938.29559,78.12363,976.60667,-1949.20334,290.39389,1015.44716,-2136.68015,114.44143,1017.65724,-2129.93652,333.81695,728.91151,-2133.26416,338.0706,522.87022,-2097.72141,310.04835,340.5275,-2093.06198,308.52255,165.83818,-2170.85907,240.93042,87.15714,-2230.71548,277.13518,74.22178,-2033.89221,84.3387,714.26376,-2147.55508,44.89859,512.11823,-2097.69974,81.72341,290.21097,-2096.44623,42.81416,132.44514,-2180.2594,99.0463,79.33552,-2232.65244,58.73647,71.84832,-2032.78122
19,0.61,285.43711,1642.75452,-1925.01129,115.83921,1639.66354,-1920.0795,295.18581,1621.25641,-2074.88571,100.38806,1620.38666,-2071.25214,287.27962,1403.62045,-1973.19611,137.34632,1392.66464,-1961.26266,268.47626,1450.18311,-2120.50339,113.14276,1439.2421,-2107.70142,202.20747,1273.62244,-2161.34521,215.22791,1332.9129,-1928.69797,212.73815,1229.8806,-1906.01273,407.31964,1427.86682,-2037.18445,468.00167,1247.9689,-2059.60297,493.34023,1107.28798,-2064.18793,495.47844,969.77745,-2048.37494,422.25502,834.04167,-1949.95514,472.16042,809.31847,-2013.16803,473.13881,781.79665,-1948.32169,9.66916,1420.52902,-2018.61725,-45.25843,1225.17357,-2009.39545,-62.04174,1081.45226,-2020.00275,-62.53509,979.56741,-2016.65405,11.127,829.72549,-1903.20786,-38.21725,803.67966,-1968.45062,-47.07098,777.97745,-1908.9798,314.77854,988.89069,-1937.70538,78.71261,976.37833,-1949.17633,291.53599,1015.43678,-2135.98846,115.63389,1017.66037,-2129.61182,334.73881,728.80981,-2132.65869,338.49815,522.67967,-2097.17972,310.24921,340.40333,-2092.74612,308.64162,165.77974,-2170.72632,240.94437,87.17596,-2230.68634,277.09665,74.20134,-2033.95569,85.39658,714.10286,-2147.33612,45.43501,512.00359,-2097.52655,81.99072,290.15392,-2096.30035,42.99783,132.44593,-2180.25055,99.21369,79.32651,-2232.61139,58.77142,71.84946,-2032.81815
20,0.643,286.34811,1642.50992,-1923.92136,116.64305,1639.4191,-1919.46793,296.51865,1621.28906,-2073.84201,101.68457,1620.39627,-2070.67963,288.28768,1403.29391,-1972.30072,138.32017,1392.33414,-1960.76248,269.73955,1450.02563,-2119.5816,114.3823,1439.16931,-2107.20169,203.49321,1273.54744,-2160.80994,216.03439,1332.64923,-1928.10684,213.48427,1229.55582,-1905.46951,408.45165,1427.54791,-2036.09177,469.123,1247.68074,-2058.50021,494.49596,1107.01218,-2063.26767,496.97128,969.57146,-2047.9306,424.15604,833.41026,-1949.86084,473.92696,808.93166,-2013.14453,474.92638,781.19888,-1948.36227,10.78058,1420.37125,-2018.33527,-44.22696,1224.98497,-2009.0596,-60.97368,1081.25778,-2019.71146,-61.32855,979.23569,-2015.97122,12.22731,829.94568,-1901.80801,-36.71124,803.61969,-1966.88995,-45.83292,778.09982,-1907.62726,315.51891,988.65082,-1937.13974,79.37753,976.51039,-1948.93494,292.52899,1015.30426,-2135.35141,116.61215,1017.63176,-2129.32404,335.45769,728.69095,-2132.0314,339.03297,522.58095,-2096.78146,310.49076,340.31361,-2092.47391,308.84893,165.75336,-2170.59189,241.11778,87.2379,-2230.72311,277.06154,74.1982,-2033.98651,86.19023,714.07478,-2147.03445,45.88445,512.10686,-2097.4617,82.19068,290.20515,-2096.20041,43.11989,132.53803,-2180.24261,99.34636,79.37055,-2232.5592,58.75758,71.84709,-2032.85095
21,0.677,287.17672,1642.23175,-1922.82181,117.45707,1639.29779,-1918.90366,297.80542,1621.14609,-2072.6976,102.99469,1620.38193,-2070.21484,289.29008,1403.08105,-1971.61667,139.16502,1392.08618,-1960.40436,271.07496,1449.935,-2118.92105,115.5914,1439.14642,-2106.75293,204.7168,1273.4742,-2160.33096,216.9165,1332.3761,-1927.60101,214.16842,1229.32266,-1904.99252,409.50714,1427.27707,-2035.14603,470.18871,1247.39548,-2057.54745,495.72453,1106.85188,-2062.41104,498.43517,969.41513,-2047.39304,425.65418,832.6667,-1950.01602,475.84118,808.58757,-2013.25333,476.70856,780.58746,-1948.53027,11.8092,1420.26031,-2018.12576,-43.17219,1224.78546,-2008.8028,-59.98962,1081.13449,-2019.487,-60.23975,979.02519,-2015.44296,13.23014,830.13878,-1900.67764,-35.51481,803.60313,-1965.79193,-44.88702,778.24356,-1906.50452,316.27951,988.40004,-1936.48987,79.91802,976.46217,-1948.77914,293.49308,1015.20615,-2134.68689,117.57099,1017.67433,-2128.97232,336.15685,728.666,-2131.64734,339.46453,522.4913,-2096.59744,310.79159,340.28225,-2092.40692,308.98127,165.7415,-2170.5835,241.20504,87.24851,-2230.7077,277.06308,74.19063,-2034.02817,86.75793,714.16916,-2146.75217,46.26825,512.21584,-2097.29919,82.40483,290.25539,-2096.05515,43.26775,132.64812,-2180.17197,99.48253,79.44855,-2232.48474,58.76194,71.86912,-2032.84912
22,0.71,288.00406,1642.01004,-1921.81839,118.31838,1639.14047,-1918.33679,299.08451,1621.01852,-2071.71844,104.23023,1620.41351,-2069.7583,290.2706,1402.9866,-1970.90302,140.08303,1392.10739,-1959.99176,272.22494,1449.76654,-2118.21075,116.76643,1439.08508,-2106.37726,205.87864,1273.38562,-2159.82956,217.83009,1332.27753,-1927.05475,214.80358,1229.20692,-1904.5018,410.53215,1427.06757,-2034.24149,471.24924,1247.20131,-2056.64383,496.78505,1106.70975,-2061.62064,499.79973,969.32335,-2047.02179,427.56645,832.13043,-1950.08423,477.65236,808.28278,-2013.41537,478.61198,780.1075,-1948.74268,12.77185,1420.2121,-2018.02444,-42.15026,1224.75769,-2008.56018,-58.88254,1081.00975,-2019.09561,-59.22813,979.05373,-2015.05142,14.04616,830.35912,-1899.68491,-34.55531,803.64159,-1965.01007,-44.08278,778.35556,-1905.68451,316.87216,988.29842,-1935.83649,80.55897,976.53549,-1948.50861,294.35675,1015.10269,-2134.12064,118.48262,1017.67403,-2128.65997,336.71043,728.62747,-2131.34399,339.86042,522.43427,-2096.52466,311.02499,340.16594,-2092.3201,309.03049,165.70438,-2170.6221,241.17493,87.2374,-2230.7254,277.10459,74.17364,-2034.08905,87.49887,714.10561,-2146.42502,46.648,512.17041,-2096.99005,82.58962,290.23426,-2095.85236,43.44043,132.70276,-2180.13306,99.68962,79.5077,-2232.41241,58.78284,71.85771,-2032.83539
23,0.743,288.82698,1641.80206,-1920.85922,119.06357,1639.077,-1917.84607,300.31822,1620.97305,-2070.86548,105.41797,1620.48935,-2069.22226,291.06274,1402.79892,-1970.25406,140.91806,1391.93344,-1959.5546,273.34774,1449.60739,-2117.46033,117.88643,1439.11957,-2106.05972,206.98824,1273.35411,-2159.32816,218.44315,1332.13898,-1926.56006,215.47894,1229.09538,-1904.0239,411.48415,1426.87057,-2033.34717,472.28031,1247.05795,-2055.86227,497.81635,1106.57326,-2060.90164,501.14094,969.25591,-2046.6832,429.05758,831.45004,-1950.22736,479.34746,808.08014,-2013.68286,480.45284,779.66682,-1949.08234,13.69576,1420.23132,-2017.8476,-41.20394,1224.89357,-2008.7178,-57.97537,1081.06613,-2018.81409,-58.29889,979.0831,-2014.6965,14.67404,830.44174,-1899.15833,-33.69479,803.74245,-1964.44077,-43.39047,778.43582,-1905.14816,317.3077,988.06099,-1935.35812,80.9164,976.41449,-1948.43552,295.13279,1015.0528,-2133.70331,119.24723,1017.71118,-2128.43109,337.18853,728.57735,-2130.94574,340.15598,522.24106,-2096.10031,311.22585,340.03239,-2092.08527,309.11449,165.65025,-2170.54733,241.20655,87.2467,-2230.7135,277.09099,74.19636,-2034.12216,88.08003,714.08951,-2146.15799,46.99875,512.25288,-2096.65222,82.82259,290.158,-2095.60822,43.60473,132.76117,-2180.06943,99.83563,79.50654,-2232.36191,58.79949,71.84925,-2032.83127
24,0.777,289.67266,1641.60248,-1919.98199,119.85586,1638.9386,-1917.25845,301.27657,1620.95428,-2069.88495,106.45645,1620.59982,-2068.66882,291.87956,1402.64908,-1969.60388,141.91893,1392.043,-1959.23706,274.35183,1449.6109,-2116.83716,118.90473,1439.1452,-2105.57144,207.96841,1273.31543,-2158.82309,219.14946,1332.02774,-1926.11832,216.15486,1228.89137,-1903.66028,412.33662,1426.65451,-2032.47482,473.19077,1246.86821,-2054.97177,498.79082,1106.40076,-2060.12253,502.41405,969.15604,-2046.28006,430.52273,831.00555,-1950.30243,480.94547,807.85973,-2013.72818,481.99749,779.25285,-1949.18793,14.61697,1420.23254,-2017.55844,-40.25349,1224.77684,-2008.10349,-57.18656,1081.08147,-2018.63495,-57.47771,979.03656,-2014.45816,15.19134,830.47356,-1898.79135,-33.00128,803.78288,-1964.11514,-42.87251,778.50426,-1904.87534,317.73155,987.83943,-1934.90494,81.55435,976.48643,-1948.17337,295.9613,1014.97498,-2133.2431,120.08568,1017.76016,-2128.17825,337.94121,728.51112,-2130.7045,340.48588,522.13177,-2095.9346,311.40234,339.95838,-2092.00333,309.23307,165.5772,-2170.48172,241.27176,87.27075,-2230.75317,277.05631,74.14345,-2034.14413,88.51165,714.06807,-2145.93536,47.2691,512.2776,-2096.46255,82.9184,290.18635,-2095.49774,43.68132,132.76053,-2180.02594,99.84551,79.58428,-2232.35657,58.7966,71.85167,-2032.82135
25,0.81,290.33936,1641.2796,-1919.03107,120.57124,1638.72223,-1916.59851,302.2739,1620.9787,-2069.10965,107.35259,1620.5899,-2067.96707,292.60702,1402.38312,-1968.98056,142.62751,1391.90201,-1958.88901,275.41376,1449.51324,-2116.36917,119.80877,1439.16168,-2105.13031,208.92422,1273.31871,-2158.36823,219.73719,1331.69952,-1925.66071,216.81812,1228.61008,-1903.20648,413.17268,1426.44196,-2031.7276,474.04736,1246.69266,-2054.22333,499.75716,1106.35559,-2059.43512,503.57849,969.1011,-2045.82886,431.78017,830.42816,-1950.25055,482.39353,807.72568,-2013.69247,483.49102,779.01848,-1949.30817,15.40363,1420.17166,-2017.29401,-39.64431,1224.78149,-2008.02002,-56.55647,1081.06186,-2018.53302,-56.90154,978.93539,-2014.24789,15.54898,830.43579,-1898.52982,-32.54615,803.71727,-1963.81927,-42.5519,778.41919,-1904.7467,318.15241,987.6696,-1934.30374,81.99027,976.43959,-1948.08685,296.69159,1014.9247,-2132.73361,120.78686,1017.75253,-2127.94067,338.60725,728.52455,-2130.513,340.86834,522.08344,-2095.90454,311.58707,339.88163,-2091.9812,309.32714,165.53333,-2170.55084,241.35092,87.22767,-2230.7486,277.09991,74.15971,-2034.1983,89.03127,714.08951,-2145.95901,47.51607,512.27459,-2096.37695,83.00953,290.07498,-2095.43457,43.69315,132.78214,-2180.04318,99.89264,79.549,-2232.36115,58.77668,71.8663,-2032.8334
26,0.843,291.11708,1640.98633,-1918.08807,121.44187,1638.39096,-1915.67932,303.1399,1620.84991,-2068.29727,108.24177,1620.59143,-2067.16736,293.39556,1402.2789,-1968.3075,143.17617,1391.82816,-1958.33893,276.26385,1449.35928,-2115.61737,120.73336,1439.03793,-2104.65042,209.76894,1273.23685,-2157.92099,220.52315,1331.51886,-1925.15244,217.30896,1228.4433,-1902.89063,413.95714,1426.22223,-2030.91248,474.86763,1246.47964,-2053.53455,500.73193,1106.23001,-2058.95477,504.59415,968.94142,-2045.42557,432.83684,830.08446,-1950.05066,483.52287,807.50664,-2013.45932,484.59293,778.69858,-1949.04373,16.16822,1420.03738,-2016.92108,-39.03494,1224.6106,-2007.7417,-56.00462,1080.94711,-2018.26813,-56.48741,978.84262,-2014.07181,15.66282,830.09514,-1898.46878,-32.23766,803.60214,-1963.72147,-42.4791,778.20175,-1904.71619,318.72059,987.13203,-1934.11072,82.39976,976.39961,-1948.07144,297.39349,1014.85031,-2132.36786,121.50292,1017.68822,-2127.81769,339.19724,728.46687,-2130.29602,341.20956,522.00603,-2095.75897,311.86069,339.83089,-2091.94931,309.43712,165.49192,-2170.58777,241.46383,87.18391,-2230.802,277.14857,74.19066,-2034.24652,89.55791,713.99437,-2145.87662,47.74169,512.27684,-2096.11115,83.11113,289.91535,-2095.27237,43.70922,132.75013,-2180.08453,99.90392,79.46258,-2232.38617,58.75766,71.86548,-2032.84561
27,0.877,291.99289,1640.71533,-1917.08237,122.01909,1638.16971,-1914.83368,303.85841,1620.56824,-2067.15027,109.03688,1620.56168,-2066.30127,293.98464,1401.91086,-1967.4588,143.7009,1391.539,-1957.7037,277.14607,1449.44778,-2114.89914,121.48746,1439.05228,-2104.0361,210.57703,1273.27408,-2157.42981,220.91246,1331.12869,-1924.69269,217.81017,1228.12294,-1902.55478,414.69189,1425.98831,-2030.00122,475.72208,1246.27869,-2052.92572,501.59542,1106.02142,-2058.39523,505.46272,968.72253,-2045.00107,433.78853,829.83879,-1949.65973,484.40804,807.3317,-2013.21304,485.32608,778.35342,-1948.55011,16.83921,1419.95224,-2016.49017,-38.69767,1224.70459,-2007.77435,-55.54201,1080.92896,-2017.92374,-56.12485,978.85872,-2013.89435,15.59458,829.69231,-1898.52097,-32.25286,803.44482,-1963.80066,-42.69134,777.98058,-1904.91348,319.11804,986.96411,-1933.79684,82.64509,976.23062,-1948.19046,298.07596,1014.68468,-2132.09488,122.16708,1017.62932,-2127.7681,339.91508,728.43895,-2130.05341,341.51924,521.86813,-2095.51788,312.02185,339.72897,-2091.84067,309.54119,165.41498,-2170.49484,241.54083,87.15233,-2230.8371,277.12345,74.17068,-2034.2334,90.01847,713.89374,-2145.69443,47.87302,512.27997,-2095.91171,83.20075,289.84568,-2095.11063,43.70724,132.72825,-2180.00839,99.81681,79.46336,-2232.35229,58.73895,71.87116,-2032.79877
28,0.91,292.52094,1640.40451,-1915.82077,122.58594,1638.14194,-1913.87589,304.62765,1620.48859,-2065.94604,109.85263,1620.65491,-2065.26688,294.64243,1401.82037,-1966.55197,144.12048,1391.43173,-1956.97464,277.90176,1449.55811,-2113.91556,122.23498,1439.12384,-2103.2666,211.37327,1273.46191,-2156.86691,221.46351,1330.86075,-1923.99033,218.18567,1227.77748,-1902.25327,415.30617,1425.91797,-2028.89755,476.36082,1246.27502,-2051.95648,502.2998,1106.01791,-2057.62604,506.19804,968.72658,-2044.41025,434.48135,829.94827,-1949.3573,485.09285,807.2216,-2012.77405,486.07746,778.34564,-1948.38181,17.46246,1419.91806,-2015.93246,-37.90862,1224.45152,-2006.79794,-54.99322,1080.93079,-2017.50519,-55.83331,978.92662,-2013.74023,15.20388,829.26132,-1898.5051,-32.37578,803.29262,-1963.90106,-43.13031,777.71843,-1905.22079,319.04053,987.01279,-1933.38394,83.19138,976.35727,-1947.90756,298.74218,1014.673,-2131.77887,122.83156,1017.73567,-2127.56424,340.54012,728.45108,-2129.9173,341.80576,521.77021,-2095.4512,312.13095,339.66187,-2091.79352,309.6516,165.37523,-2170.46677,241.67166,87.08311,-2230.8252,277.05402,74.15392,-2034.25323,90.41707,714.08493,-2145.87479,48.10691,512.35664,-2096.05225,83.22568,289.92498,-2095.14481,43.70517,132.77903,-2180.01312,99.83713,79.54292,-2232.34787,58.69416,71.8651,-2032.82074
29,0.943,293.1308,1640.24124,-1914.46075,123.4023,1637.8447,-1912.47665,305.4059,1620.61447,-2064.6286,110.5189,1620.74738,-2064.13284,295.24475,1401.74362,-1965.51193,144.8973,1390.99716,-1956.15021,278.59734,1449.6405,-2112.93579,122.87179,1439.18106,-2102.36618,212.14527,1273.63708,-2156.15234,221.84895,1330.57602,-1923.25287,218.54704,1227.47002,-1901.61179,415.94482,1425.98907,-2027.71927,477.05639,1246.38191,-2050.99503,502.97798,1106.12244,-2056.79276,506.80592,968.80226,-2043.74863,434.88598,829.96651,-1948.95065,485.53143,807.23076,-2012.24594,486.42948,778.33153,-1948.05695,18.02226,1419.98108,-2015.10223,-37.47909,1224.51736,-2006.21292,-54.56508,1081.00624,-2016.80679,-55.66393,979.06654,-2013.33984,14.8659,828.85658,-1898.50189,-32.57983,803.20045,-1963.97003,-43.57615,777.51343,-1905.41718,319.72475,986.8055,-1933.0928,83.55488,976.2146,-1947.90054,299.26327,1014.72473,-2131.39786,123.4085,1017.84836,-2127.41257,341.11008,728.38654,-2129.79507,342.05471,521.65665,-2095.39536,312.19265,339.56821,-2091.83167,309.78884,165.20041,-2170.42664,241.82602,86.98179,-2231.05835,277.0204,74.16859,-2034.30511,90.74656,714.16344,-2146.31699,48.31529,512.57919,-2096.53793,83.40184,289.87045,-2095.21667,43.74716,132.72567,-2180.0235,99.83719,79.41349,-2232.40677,58.69449,71.87424,-2032.82669
30,0.977,293.73537,1639.88297,-1912.84286,123.89264,1637.48901,-1911.06201,306.08782,1620.49728,-2063.05222,111.24101,1620.63126,-2062.71088,295.7406,1401.4888,-1964.31488,145.65101,1390.83893,-1955.04715,279.31799,1449.58069,-2111.73691,123.53422,1439.12369,-2101.11633,212.75841,1273.70453,-2155.2037,222.46397,1330.32211,-1922.26791,219.09441,1227.24144,-1900.75302,416.58424,1425.79498,-2026.45828,477.80697,1246.31897,-2050.02075,503.78098,1106.05652,-2056.06293,507.47112,968.68896,-2043.17505,435.04055,830.00305,-1948.3606,485.7378,807.09503,-2011.61957,486.47999,778.15742,-1947.4968,18.66963,1419.87625,-2013.84338,-37.14604,1224.36287,-2004.96857,-54.42162,1081.02615,-2015.65018,-55.7634,979.1011,-2012.40326,14.68333,828.44177,-1898.18985,-33.23026,803.0336,-1963.70163,-43.93078,777.22656,-1905.09796,320.00443,986.37863,-1932.81387,84.07251,976.05339,-1947.95532,299.85651,1014.5797,-2131.08841,123.97266,1017.75398,-2127.34406,341.70544,728.25951,-2129.61945,342.33143,521.42384,-2095.09399,312.18159,339.25854,-2091.58615,309.80877,164.81464,-2170.21591,242.13177,86.5718,-2231.39053,276.92373,74.27576,-2034.4902,91.00872,714.21448,-2146.87057,48.51296,512.74136,-2096.86249,83.39506,289.75792,-2095.31693,43.63012,132.58103,-2180.13718,99.63284,79.20276,-2232.52945,58.66581,71.88498,-2032.86346
31,1.01,294.18173,1639.37973,-1910.84808,124.50888,1636.978,-1909.21951,306.74286,1620.22995,-2061.04858,111.92048,1620.33966,-2060.96115,296.34151,1400.99365,-1962.78183,146.21309,1390.39886,-1953.79913,280.14612,1449.52118,-2110.1297,124.22637,1439.02023,-2099.61014,213.53449,1273.76305,-2154.14215,223.13066,1329.66858,-1921.15387,219.50014,1226.45432,-1899.90707,417.29492,1425.39337,-2024.73969,478.55751,1246.01089,-2048.8533,504.69795,1105.80223,-2055.32761,507.99946,968.20953,-2042.30453,434.8444,829.5488,-1947.78442,485.83305,806.68633,-2010.86517,486.35845,777.76794,-1946.66794,19.2778,1419.64355,-2012.39975,-36.93413,1224.15405,-2003.47046,-54.44878,1080.84938,-2013.97614,-56.15589,979.05891,-2010.92896,14.38868,827.81609,-1897.18002,-33.78941,802.69966,-1962.68768,-44.33892,776.73363,-1904.01047,320.39612,986.01517,-1932.44141,84.51647,976.00319,-1948.23486,300.53543,1014.19052,-2130.82642,124.74801,1017.59232,-2127.39746,342.34077,727.55508,-2128.4404,342.65926,520.8836,-2093.80707,312.27676,338.70636,-2090.77591,309.87585,164.37016,-2169.9234,242.30324,86.35148,-2231.50665,276.84856,74.37566,-2034.5105,91.01349,714.36508,-2147.68402,48.48262,512.79701,-2096.7244,83.14807,289.42886,-2095.31525,43.31719,132.35229,-2180.44388,99.23044,78.72687,-2232.78198,58.60609,71.89833,-2033.07297
32,1.043,294.74958,1638.69919,-1908.33588,125.07299,1636.34933,-1906.90216,307.5069,1619.89014,-2058.61755,112.65471,1619.98993,-2058.71841,297.13516,1400.50262,-1960.89554,146.99457,1389.74976,-1952.0549,280.94788,1449.43924,-2108.04291,124.63281,1439.18747,-2098.10562,214.36447,1273.90579,-2152.81372,223.70558,1328.81165,-1919.73526,220.06962,1225.54245,-1898.87253,418.0114,1424.96475,-2022.59857,479.29291,1245.68817,-2047.35428,505.51132,1105.53268,-2054.28345,508.56628,967.87033,-2041.55441,435.0246,829.27071,-1947.21252,485.99064,806.29578,-2010.12329,486.35841,777.36183,-1945.97473,20.02481,1419.20273,-2010.66742,-36.51871,1223.86787,-2001.49216,-54.32261,1080.58907,-2011.7334,-56.31082,978.85063,-2008.797,13.81816,827.17041,-1895.39963,-34.80384,802.37061,-1960.65628,-45.03821,776.39114,-1902.14584,320.42137,985.67902,-1931.50818,84.78463,975.71747,-1948.46252,301.38521,1013.74847,-2129.9765,125.65619,1016.97693,-2127.45438,343.71609,727.66342,-2127.66571,343.19862,520.94517,-2093.28094,312.55808,338.64498,-2090.45242,310.13634,164.4248,-2169.86755,242.52052,86.39612,-2231.52481,276.81068,74.40729,-2034.45374,90.62641,713.77388,-2147.82593,48.2726,512.29084,-2095.08026,83.10165,288.49915,-2094.53079,42.92508,131.80373,-2180.49484,98.69006,78.12518,-2233.24707,58.67903,72.00226,-2033.3168
33,1.077,295.4858,1637.82166,-1905.18555,125.75395,1635.53085,-1903.91403,308.2465,1619.34082,-2055.39795,113.48297,1619.72626,-2055.76096,297.76525,1399.86984,-1958.54874,147.8582,1389.34158,-1950.21103,281.84097,1449.21997,-2105.53436,125.61819,1438.96591,-2095.96115,215.44273,1273.93242,-2151.09924,224.20715,1327.92328,-1917.97058,220.34821,1224.68246,-1897.33932,418.72795,1424.50211,-2019.90692,480.06672,1245.3923,-2045.41779,506.45817,1105.31349,-2052.89886,509.18694,967.40234,-2040.31097,435.32574,828.79791,-1946.45676,486.1512,805.86746,-2009.37973,486.39771,776.88484,-1945.40588,20.71859,1418.76999,-2008.82278,-36.01221,1223.67981,-1999.51675,-53.99136,1080.34889,-2008.90259,-56.4369,978.62602,-2005.86395,13.41969,826.64619,-1892.64023,-35.54436,802.09679,-1957.74963,-45.80921,776.12488,-1899.31793,319.95295,984.96178,-1930.19485,84.81151,975.35362,-1948.63373,302.56035,1013.08792,-2128.75336,126.75984,1016.02493,-2127.1286,344.97318,727.47047,-2126.53488,343.61622,521.03703,-2092.70142,312.63878,338.46058,-2089.59946,310.17838,164.25741,-2169.42734,242.80508,86.40391,-2231.69693,276.86619,74.77237,-2034.62219,90.39001,712.85782,-2146.35406,47.88441,511.83052,-2091.74149,83.15275,287.37267,-2092.6915,42.7135,131.37207,-2179.67453,98.22003,77.74501,-2233.51913,58.82668,72.06999,-2033.5228
34,1.11,296.33488,1636.87714,-1901.19064,126.6636,1634.77097,-1900.12177,309.23573,1619.10629,-2051.55563,114.41826,1619.64157,-2052.03735,298.61176,1399.39621,-1955.41306,148.36142,1388.52432,-1947.54074,283.07749,1449.22104,-2102.45148,126.67281,1438.69598,-2093.405,216.95854,1273.88771,-2148.60962,224.77112,1327.23358,-1915.4567,220.99932,1223.89816,-1895.15732,419.68307,1423.98392,-2016.41022,481.09047,1244.96933,-2042.80426,507.60845,1104.9337,-2050.73242,510.09529,966.90201,-2038.66852,434.88735,828.07724,-1945.92911,486.54606,805.31204,-2008.46069,486.36597,776.11938,-1944.63104,21.63705,1418.21732,-2006.62033,-35.37686,1223.21152,-1996.61896,-53.68482,1079.85092,-2005.39154,-56.51387,978.28964,-2002.13165,12.8962,826.259,-1888.68027,-36.33189,801.82938,-1953.5231,-46.46163,775.92484,-1895.10818,320.27393,984.27399,-1928.99429,85.27655,974.77829,-1947.98691,303.34986,1012.61864,-2127.47192,127.56775,1015.2449,-2126.04156,346.83445,726.57066,-2124.19952,343.73238,520.27489,-2088.73215,311.93338,337.19521,-2086.27716,310.0737,163.48883,-2168.09174,242.93718,86.22477,-2231.83685,276.99947,75.3056,-2034.91058,89.3119,711.58997,-2143.82965,47.17627,510.99373,-2087.1347,83.98169,285.80359,-2090.18845,42.21004,130.67938,-2178.2869,97.23506,77.31763,-2233.98148,58.70191,72.18058,-2033.86856
35,1.143,297.3078,1636.43478,-1896.32919,127.54059,1634.22592,-1895.45776,310.47745,1619.00284,-2046.73019,115.63582,1619.30771,-2047.37564,299.88453,1398.94913,-1951.27808,149.75616,1388.07785,-1944.01062,284.45835,1449.12476,-2098.24692,128.14116,1438.45505,-2089.56436,218.4292,1273.87352,-2145.24765,226.01311,1326.68427,-1911.88751,222.30587,1223.08334,-1891.93329,421.08448,1423.62595,-2012.20276,482.52487,1244.62967,-2039.25522,508.84933,1104.49684,-2047.48474,511.19808,966.49063,-2036.28174,435.26237,826.99432,-1944.97528,487.39368,804.70245,-2007.20108,486.59523,775.0267,-1943.50494,22.92131,1417.62161,-2003.24783,-34.52967,1222.7359,-1993.40546,-53.44497,1079.54224,-2001.5094,-56.49994,977.99538,-1997.75696,12.56309,826.33011,-1883.5849,-36.61802,801.74004,-1948.25912,-46.88368,776.13884,-1889.77936,321.21071,983.59177,-1927.44781,86.24026,973.96202,-1946.59424,303.76844,1012.8717,-2125.80856,127.98265,1014.66995,-2124.06525,348.92593,724.94263,-2120.61951,344.58199,519.09897,-2083.04337,312.02553,335.40489,-2082.18826,310.44832,162.83514,-2166.61346,243.23675,86.3612,-2232.13852,276.95496,75.63778,-2035.224,86.9539,710.42885,-2141.44913,46.61326,509.55429,-2082.1228,84.56657,284.44405,-2087.7504,41.31986,130.21661,-2177.41592,96.09492,77.01257,-2234.31168,58.47985,72.36793,-2034.14963
36,1.177,298.54797,1635.99808,-1890.29861,128.77201,1633.44345,-1889.7934,311.93747,1618.42255,-2040.60852,117.10738,1618.52814,-2041.78009,301.65325,1398.5228,-1945.9317,151.20186,1387.0961,-1938.80737,286.04614,1449.10049,-2092.68036,129.83346,1438.38593,-2084.22684,220.01892,1274.13795,-2140.74509,227.75488,1325.47318,-1906.94809,223.87363,1222.13005,-1887.57935,422.68459,1423.21259,-2006.62079,484.04388,1244.2308,-2034.45206,510.11559,1104.05945,-2043.31299,512.31194,965.98251,-2033.00064,436.25088,825.70663,-1942.8508,488.82664,804.48471,-2005.47089,487.59598,773.7484,-1941.96442,24.62716,1417.23984,-1998.02933,-33.56516,1222.81395,-1989.47678,-53.05345,1079.57909,-1996.99768,-56.19501,977.72568,-1992.70248,12.57707,826.85654,-1877.63168,-36.42956,801.90453,-1942.1463,-46.9771,776.5892,-1883.69476,322.61913,982.44606,-1924.60403,87.61885,973.22189,-1943.80096,304.81443,1012.82051,-2122.82974,129.17795,1014.33517,-2120.858,350.54234,723.79616,-2116.75186,345.7061,518.14331,-2077.92221,312.33322,333.77602,-2078.44925,310.94345,162.30024,-2165.26596,243.60922,86.5088,-2232.49344,277.39088,76.06609,-2035.63095,85.4405,709.97314,-2138.74084,47.06321,509.12285,-2077.76657,85.59835,283.51667,-2085.78064,40.98073,130.06412,-2176.60751,95.66483,76.71639,-2234.46899,58.29814,72.63693,-2034.39682
37,1.21,300.16705,1635.10406,-1883.11157,130.43337,1632.35931,-1883.01971,313.93497,1617.43973,-2033.45688,118.77381,1617.36969,-2035.39948,303.61975,1397.44431,-1939.06219,153.09502,1385.98495,-1932.3465,288.10581,1448.85117,-2085.7869,131.86722,1437.9538,-2077.42096,222.16579,1273.99742,-2134.6489,229.74987,1324.07761,-1900.78217,225.75954,1220.66467,-1881.84326,424.83913,1422.34894,-1999.58527,485.81963,1243.22281,-2028.52493,511.4492,1102.93961,-2038.06335,513.5796,964.98734,-2028.49075,437.50408,823.70087,-1939.11407,490.33096,803.71353,-2001.98853,489.13189,771.92368,-1939.16779,26.82218,1416.60309,-1991.306,-32.37334,1222.43019,-1983.45703,-52.62995,1079.51736,-1991.90842,-55.9013,977.41425,-1987.34375,12.94216,827.05978,-1871.11542,-35.99655,801.86188,-1935.60516,-46.5577,776.77719,-1877.10022,324.17915,981.07864,-1920.09369,89.09739,971.82159,-1939.73602,306.63452,1012.10228,-2118.28568,131.01023,1013.56346,-2116.19659,351.94397,722.68867,-2112.50702,346.69197,516.90651,-2073.3992,312.57181,332.5771,-2075.71503,311.13419,161.89907,-2164.69391,243.68595,86.46795,-2232.86087,278.13538,76.65235,-2036.51505,85.55851,709.83383,-2135.61844,47.99426,508.48888,-2075.08377,86.4186,282.8417,-2084.6257,41.19286,130.14601,-2176.53763,95.72563,76.46334,-2234.71466,58.12051,73.0861,-2035.10132
38,1.243,302.26023,1634.1478,-1874.59717,132.53128,1631.03668,-1874.85153,316.32719,1616.03683,-2024.87442,121.36489,1615.24155,-2026.9455,306.44781,1396.27029,-1930.91629,155.83808,1384.26651,-1924.13223,290.80793,1448.03604,-2077.45499,134.21288,1437.27036,-2069.67896,224.81197,1273.23242,-2127.14447,232.44734,1322.33688,-1893.17932,228.50801,1218.91106,-1874.46945,427.96886,1421.19812,-1991.65146,488.2127,1241.35132,-2021.34125,512.8297,1100.98969,-2030.45959,514.80503,963.28362,-2021.59729,439.15928,821.15448,-1933.311,491.74183,802.07779,-1996.73355,490.55145,769.1584,-1934.56543,29.29848,1415.58121,-1983.56033,-30.72284,1221.46545,-1976.04004,-52.03624,1078.98758,-1986.49155,-55.27396,976.53023,-1981.57852,13.64649,826.92245,-1864.65912,-35.24933,801.19606,-1928.90701,-45.68921,776.33995,-1870.43579,325.8646,978.95714,-1914.0509,91.04882,969.94034,-1933.90533,308.75336,1011.25999,-2112.01447,133.03503,1012.82158,-2110.08881,353.69064,721.62079,-2107.66464,347.70069,515.69324,-2069.20349,312.90831,331.15894,-2073.25027,311.29837,161.41869,-2164.23416,243.74523,86.4566,-2233.47107,278.57815,77.09462,-2037.51617,88.57195,709.08981,-2131.49475,48.9534,507.79003,-2072.13013,87.11843,281.97447,-2083.23135,41.59061,130.30089,-2176.72409,96.34922,76.30235,-2235.69641,58.23672,73.58255,-2036.03149
39,1.277,304.89548,1633.17657,-1864.62036,135.29762,1629.35104,-1865.08636,319.47161,1614.49936,-2014.93484,124.54473,1612.87186,-2017.1109,309.99992,1394.77371,-1921.38412,159.60855,1382.84622,-1914.47433,293.88893,1447.12891,-2067.73056,137.49494,1436.54999,-2059.57718,227.80016,1272.47482,-2117.90665,236.04792,1320.39734,-1884.02847,232.00672,1217.12891,-1865.47821,431.6053,1419.78455,-1982.35825,490.61493,1239.29794,-2011.50238,513.89214,1098.40607,-2018.78799,515.72868,961.0714,-2011.20605,439.9778,817.7726,-1924.21844,492.86106,800.11955,-1987.99896,491.22799,765.53215,-1926.89514,32.65782,1414.14963,-1973.32458,-28.59693,1220.62439,-1968.32458,-50.54129,1078.32527,-1980.009,-53.81576,975.68031,-1975.99579,14.39807,826.0022,-1858.77869,-34.03641,800.27504,-1923.30093,-44.92044,775.41,-1864.95941,328.49518,976.90704,-1905.55954,93.76331,968.14362,-1927.06375,311.34275,1010.66811,-2104.36935,135.50822,1012.22183,-2102.93213,355.91301,720.79819,-2102.39059,349.15588,514.46068,-2065.33035,313.64691,330.00168,-2071.23215,311.75131,161.05803,-2163.85559,244.09794,86.51384,-2234.01657,278.87432,77.46517,-2038.2399,91.07003,707.39197,-2124.30756,49.7815,506.26831,-2064.84558,87.9264,279.98419,-2080.47058,42.00234,130.33446,-2175.92606,96.6551,76.58597,-2235.92606,58.56078,73.87772,-2036.5184
40,1.31,308.11462,1631.60431,-1853.23517,138.39787,1627.71912,-1854.03915,322.85,1612.38846,-2003.34656,127.87684,1610.55573,-2006.09772,313.9529,1392.98935,-1909.86725,163.21781,1380.83893,-1902.80121,297.59079,1445.94498,-2055.87326,140.98002,1435.65399,-2048.09937,231.35206,1271.78345,-2107.16919,239.94421,1318.23532,-1873.06519,235.27475,1215.15366,-1854.63837,435.42694,1417.54639,-1970.27771,493.6776,1236.61461,-1998.3461,515.99464,1095.29007,-2005.53741,517.36004,958.61343,-1998.05344,439.79191,815.04799,-1908.97888,492.87083,798.61565,-1973.16727,490.55428,762.22153,-1913.39447,36.48909,1412.61459,-1961.4946,-25.68082,1220.25452,-1959.40735,-48.10923,1077.86278,-1973.61755,-51.72145,974.98787,-1971.28998,13.99076,824.20761,-1854.27124,-33.07069,799.11385,-1919.85977,-44.87296,773.64601,-1861.94946,331.50337,974.45839,-1899.19891,96.65411,966.15913,-1919.38354,314.22237,1009.50142,-2096.53687,138.31408,1011.25298,-2095.00488,358.57841,719.78783,-2096.50833,351.06426,513.07343,-2060.98846,314.63888,328.63121,-2068.86627,312.36526,160.47291,-2163.12546,244.57312,86.66121,-2234.44092,279.0144,77.54806,-2038.71979,92.76482,703.993,-2113.34396,50.29685,503.08315,-2050.47775,88.80186,276.65562,-2073.95721,42.68193,130.56625,-2173.94211,97.29413,77.44987,-2235.74417,59.12833,73.93991,-2036.7215
41,1.343,311.58371,1629.12292,-1840.45654,141.99474,1625.11307,-1841.49933,326.5313,1609.50592,-1990.57449,131.70226,1607.5856,-1993.34732,317.64261,1389.93515,-1896.56876,166.73641,1378.11844,-1889.62875,301.8141,1443.79517,-2042.50961,144.97374,1434.18671,-2035.56091,235.30687,1270.14008,-2094.58511,243.72652,1315.35507,-1860.33493,239.00198,1212.34467,-1841.71112,439.1835,1414.46075,-1956.12122,497.55211,1233.31718,-1983.42468,519.72607,1091.84265,-1988.58002,518.26172,953.95653,-1977.19376,437.30644,813.4314,-1888.10074,491.33873,796.08658,-1951.56845,487.24567,759.61311,-1891.94107,40.69076,1410.49637,-1948.59894,-21.64657,1219.43085,-1948.61847,-44.77406,1077.01241,-1966.60812,-49.12155,974.15833,-1967.31079,12.18381,820.51773,-1852.35535,-33.18327,796.9413,-1919.77585,-46.41197,770.14137,-1862.65366,335.68249,971.73042,-1890.08179,100.43062,963.34267,-1910.4541,316.72602,1007.97379,-2088.52386,140.54008,1008.61542,-2086.54068,360.63988,718.65425,-2090.75867,353.46409,511.4035,-2056.76605,316.05551,327.08389,-2066.14014,312.98717,159.81344,-2162.0993,245.00137,86.85625,-2234.36554,279.45951,77.22,-2039.19937,93.20174,696.98891,-2098.03574,50.01805,497.64805,-2027.01752,88.85326,272.01809,-2062.31125,43.58105,131.61315,-2170.07935,99.00818,80.25807,-2233.88855,59.12325,73.58816,-2035.8374
42,1.377,316.5589,1626.81961,-1828.0304,145.36982,1621.71509,-1827.74109,330.1907,1605.87479,-1976.41006,135.60488,1603.21411,-1979.09103,321.50925,1386.38123,-1881.67053,169.93959,1374.64203,-1875.42862,306.17756,1440.47241,-2027.57111,149.41838,1431.39755,-2021.48209,239.27155,1267.09465,-2080.51941,246.77673,1311.47644,-1846.0054,241.88423,1208.70415,-1827.23984,442.74673,1410.28458,-1940.47562,502.00893,1229.13803,-1964.90295,524.5229,1087.15744,-1967.94983,520.50041,949.03885,-1953.03513,433.87367,813.22815,-1861.89789,488.97533,792.28027,-1923.55179,482.36012,757.77512,-1862.97516,44.37246,1407.45087,-1935.31036,-18.20063,1216.83815,-1937.70157,-41.67514,1075.09575,-1959.69055,-47.32102,972.69043,-1964.2868,8.90852,814.37012,-1853.42621,-34.81527,793.60565,-1923.02536,-49.8412,764.99405,-1867.05536,339.05018,967.5032,-1881.78696,103.90854,959.49768,-1900.15869,317.99799,1006.06918,-2079.44901,141.45685,1004.0789,-2076.92917,361.75179,717.90482,-2085.20325,356.53305,510.1873,-2054.14307,317.77298,325.30945,-2063.02307,313.91924,159.4691,-2161.83228,245.64991,87.15294,-2234.32114,279.92224,76.55624,-2038.89923,92.12443,687.41837,-2076.66229,48.92485,492.1801,-1996.75568,87.68517,269.45059,-2046.15082,45.37821,136.87815,-2164.32968,102.68181,88.64293,-2229.35806,57.62606,73.20613,-2033.47565
43,1.41,319.72,1624.70596,-1812.60254,148.48253,1619.03717,-1812.47955,333.61351,1602.69012,-1960.78552,138.99523,1599.28131,-1963.75885,321.82255,1380.57281,-1866.45981,172.51722,1370.99564,-1859.58328,310.29476,1438.08685,-2010.47455,153.15328,1429.64996,-2005.34927,243.16692,1265.21179,-2065.53711,248.57159,1307.565,-1830.00565,245.7267,1203.00064,-1819.12155,446.05175,1406.36581,-1922.85828,506.31073,1224.74594,-1943.41949,529.23256,1082.35046,-1944.08157,522.05761,944.67728,-1924.37805,429.52347,815.186,-1830.90576,485.64579,789.7686,-1889.76593,476.60698,758.52982,-1827.88315,47.36765,1404.20639,-1920.46112,-15.55758,1213.49037,-1928.11798,-39.55914,1073.05458,-1953.92853,-46.51062,971.47446,-1962.39777,4.51792,807.42767,-1857.11044,-37.47739,790.4454,-1928.76648,-54.59278,759.86816,-1873.92868,341.55891,963.78258,-1871.06567,107.28126,958.08029,-1886.95953,318.69146,1003.76991,-2068.9006,141.63641,1000.09964,-2065.07355,362.85538,717.56645,-2078.5495,358.48,509.51225,-2050.70389,320.06016,324.51698,-2060.90363,314.58141,159.85771,-2161.27609,246.29232,88.22025,-2234.08737,279.43186,75.61808,-2038.05344,91.21021,681.78322,-2051.79718,47.25653,490.8345,-1960.75912,87.73397,272.63433,-2023.45856,50.54387,150.08959,-2155.95245,111.13182,107.32972,-2221.69952,55.48342,74.0994,-2032.16934
44,1.443,320.87898,1623.15216,-1794.39651,150.43865,1617.65778,-1795.60394,336.13327,1600.59067,-1943.16513,141.58901,1596.87149,-1946.67023,323.81626,1378.30521,-1847.69119,173.78141,1368.97522,-1842.42966,313.59043,1437.34619,-1991.8457,156.53184,1429.08554,-1988.17535,247.16625,1264.9836,-2049.00406,250.17811,1305.29251,-1812.5177,246.95723,1200.60753,-1802.32162,448.05511,1405.15594,-1902.9277,509.19449,1223.73222,-1920.21133,533.15552,1081.23825,-1917.32803,522.76417,944.33693,-1892.61353,423.90381,821.67168,-1795.68909,481.47701,791.65558,-1851.86005,470.06943,764.39362,-1788.49472,49.68413,1403.09219,-1904.80453,-14.6761,1213.17993,-1919.59229,-38.58406,1073.71506,-1949.03702,-46.78333,973.13644,-1961.68777,-0.89451,803.39218,-1862.72202,-41.01673,790.61821,-1936.3414,-60.45785,757.81342,-1882.89886,345.06668,961.3575,-1857.1965,110.22214,959.1642,-1871.25626,319.28692,1001.71654,-2056.20789,142.06132,999.2305,-2050.38116,362.95643,716.41472,-2068.80005,358.95294,508.45219,-2044.14108,321.57413,324.11297,-2057.56653,315.275,160.821,-2159.81216,247.64854,90.20761,-2233.349,278.45947,74.55783,-2036.92719,88.18484,678.95821,-2022.56882,45.63943,493.16685,-1920.82489,88.32959,279.37868,-1996.77567,56.60744,168.34116,-2138.6879,121.96533,129.93535,-2204.2186,54.48435,78.9505,-2023.32687
45,1.477,322.2501,1623.6853,-1775.3595,151.47075,1617.75909,-1776.36307,337.42764,1600.69962,-1923.41705,142.99593,1596.90384,-1927.58575,324.08161,1378.92731,-1827.77374,174.25827,1369.37561,-1824.11942,315.88394,1438.22372,-1972.10205,158.98369,1429.92325,-1969.95407,250.68039,1265.97511,-2030.51208,250.11559,1305.47714,-1793.65173,247.21169,1200.87067,-1784.08752,448.76572,1406.96594,-1881.17081,511.09337,1226.14082,-1894.81384,536.61942,1083.89862,-1888.76358,522.36763,947.15591,-1858.32718,416.23753,831.98341,-1759.27643,475.90488,797.79869,-1811.44669,461.847,774.83582,-1746.83304,51.08251,1404.71909,-1887.83096,-14.66446,1215.82443,-1909.6402,-39.39739,1078.36533,-1945.11475,-48.25863,978.24455,-1961.28098,-7.04347,803.36784,-1868.70911,-45.38853,794.45099,-1943.88672,-66.74024,760.10193,-1892.87689,347.74223,959.82796,-1842.8447,112.85019,961.89644,-1853.18497,318.93246,1000.80292,-2041.86707,141.48347,999.81987,-2033.53195,361.01944,717.827,-2058.63678,359.8156,509.91062,-2038.90045,324.36821,326.25221,-2055.46875,317.56754,163.90862,-2158.82675,250.56604,95.38565,-2233.15643,278.90495,74.19317,-2036.53244,83.33953,678.77007,-1992.85431,44.45877,498.15369,-1880.69504,89.72962,287.99761,-1963.04886,64.69992,184.79895,-2112.77863,130.92293,150.44799,-2176.418,55.76102,85.64698,-2003.62167
46,1.51,321.94931,1626.59485,-1753.56049,150.77536,1619.89761,-1755.38361,337.73327,1604.08447,-1901.41769,143.32888,1599.45587,-1906.57837,323.86639,1382.27203,-1805.6131,173.68914,1372.3053,-1803.66302,317.34842,1441.32233,-1950.46265,160.5983,1432.9892,-1949.61548,253.14411,1269.08203,-2009.65118,249.35205,1308.43033,-1772.76062,246.58001,1203.66409,-1763.65082,448.89488,1411.19904,-1857.88193,512.69844,1230.76187,-1867.8537,539.07738,1088.7529,-1858.24844,521.30302,953.08434,-1823.0069,408.43056,845.21675,-1722.53967,469.04419,806.82526,-1770.58197,452.33372,787.90878,-1705.32867,51.63448,1408.32458,-1868.74786,-15.537,1220.93948,-1899.35425,-40.95737,1085.54855,-1940.00702,-50.5541,986.25977,-1960.01221,-13.30699,807.25212,-1873.97079,-50.03458,801.94061,-1950.28717,-72.76917,765.63728,-1901.27151,349.43935,960.42999,-1826.83594,114.52149,966.31668,-1833.65997,317.31701,1002.74368,-2025.91187,139.74131,1002.82082,-2014.82635,358.8974,723.70377,-2048.33328,361.0331,515.31227,-2033.66348,327.37267,331.64753,-2052.17041,321.43047,170.88844,-2157.22443,255.13128,104.02895,-2231.46439,279.97089,74.07695,-2035.70557,78.92583,681.81679,-1962.71484,43.73785,506.16444,-1841.00937,92.22792,296.1124,-1921.85349,69.43193,192.87766,-2072.17285,136.41212,160.95119,-2134.65622,60.63018,88.81646,-1964.61823
47,1.543,320.46711,1631.66183,-1729.09866,149.3902,1624.22684,-1731.7659,337.1357,1609.6936,-1876.86829,142.8008,1604.24057,-1883.10013,322.38907,1387.8833,-1781.49216,172.36778,1377.55081,-1780.91644,317.71036,1447.19818,-1926.37558,161.17214,1438.57574,-1926.87012,254.42326,1275.14862,-1986.9223,247.66237,1313.33221,-1749.55429,244.95012,1208.77357,-1741.43188,448.08418,1417.92709,-1832.4826,512.62848,1237.98866,-1838.86581,539.2054,1095.98549,-1825.66422,518.26538,961.33408,-1786.95374,400.72247,859.49982,-1685.6781,461.42963,817.76138,-1730.73624,442.81834,802.00142,-1665.23224,51.05621,1414.1124,-1847.87445,-16.88943,1228.31116,-1887.15103,-42.67345,1095.29678,-1932.98233,-52.6684,996.99501,-1956.6571,-19.33487,814.14871,-1877.16736,-54.62609,812.59834,-1954.37622,-78.12699,774.40399,-1907.48108,349.76425,965.19524,-1809.37302,115.04258,972.51961,-1812.99164,314.46985,1009.43275,-2007.81921,137.31831,1008.39935,-1994.53018,357.8706,732.26334,-2035.25742,362.0776,523.44841,-2024.40689,330.70324,340.30285,-2045.8078,325.04642,180.83832,-2152.82272,259.29829,116.30097,-2227.48184,281.50192,74.04882,-2033.82248,76.45488,687.70927,-1933.48648,43.91256,515.6102,-1803.78067,95.28734,302.34121,-1874.18701,73.43733,191.14563,-2019.71481,140.38283,158.58854,-2080.89218,68.41768,90.20399,-1907.4205
48,1.577,317.71719,1637.4202,-1701.63986,146.04496,1629.84665,-1706.53152,335.74749,1616.04279,-1849.47449,141.4235,1610.25589,-1857.29553,319.73797,1394.62357,-1755.36331,169.94179,1384.06769,-1756.08643,316.5896,1454.4693,-1899.95331,160.58453,1445.56427,-1901.74393,254.05355,1282.99759,-1962.34619,244.96256,1319.56192,-1724.65439,242.51442,1214.80034,-1717.56287,445.45158,1425.85693,-1804.62097,510.55515,1246.99532,-1808.29483,536.68987,1104.50317,-1792.43469,513.51368,970.6636,-1751.1853,392.82078,873.47084,-1648.20953,453.56754,829.96078,-1691.88995,433.81622,815.72372,-1625.93506,49.6927,1421.45569,-1824.42856,-18.40072,1237.91504,-1871.45813,-43.93933,1107.27455,-1923.22525,-54.08899,1009.96239,-1950.23972,-24.73732,823.61595,-1876.35712,-57.84512,825.53421,-1955.42892,-82.87236,785.71114,-1910.78171,349.92222,971.3755,-1790.57693,114.59499,980.35416,-1789.61166,311.42279,1018.34091,-1988.3252,134.86143,1015.94154,-1972.84042,355.22842,740.07202,-2018.69995,362.37972,531.34678,-2010.9465,333.00877,348.2946,-2035.97153,328.45993,191.07004,-2146.05743,263.18949,129.12011,-2221.33621,282.88637,73.98584,-2031.25687,74.84953,695.80276,-1905.72083,46.19366,526.12728,-1769.4783,99.02706,306.9005,-1821.62659,76.55214,181.94099,-1956.52267,143.66425,145.54841,-2014.06067,74.81063,89.65233,-1834.78363
49,1.61,314.27746,1641.11404,-1672.13348,142.21471,1633.87329,-1678.70422,333.51906,1620.91934,-1819.86038,139.19098,1614.92767,-1829.43558,315.98083,1400.13092,-1727.64053,166.53847,1389.93622,-1729.39484,314.55603,1460.5368,-1871.4267,159.11672,1451.91696,-1874.3309,252.45964,1290.24826,-1936.38916,240.9897,1325.26886,-1697.63214,239.00875,1219.86267,-1692.22275,441.59306,1432.29721,-1774.90509,507.15919,1254.51576,-1776.29974,533.1139,1112.30507,-1759.93225,507.55741,978.36166,-1715.01923,384.4875,885.17807,-1610.14481,444.91135,840.05905,-1652.78442,424.6357,827.24899,-1586.77094,47.6205,1428.25897,-1798.26141,-20.29057,1246.99501,-1851.86951,-44.71069,1118.09921,-1908.38623,-54.95758,1022.34528,-1940.22125,-29.35728,832.56592,-1872.44873,-60.13431,838.24554,-1952.80334,-86.63474,796.68716,-1910.61066,348.33698,975.92987,-1768.47351,113.51469,986.39931,-1767.84409,308.37372,1025.15602,-1966.96045,132.60653,1022.64473,-1950.5246,350.8004,747.47101,-2000.8609,362.84027,538.87287,-1996.77094,335.31425,355.73639,-2025.07309,332.07909,200.97332,-2137.40845,267.25651,141.40531,-2214.44992,283.86185,73.95768,-2028.9621,73.84974,703.0896,-1879.21219,49.84451,535.73952,-1737.92877,101.25072,309.85086,-1764.702,77.87292,168.56663,-1881.59012,143.96174,126.65783,-1934.91562,78.03967,86.99842,-1750.19394
50,1.643,309.60356,1640.56351,-1640.60333,138.138,1632.65182,-1648.7677,330.60982,1621.5654,-1788.54721,136.4104,1614.95529,-1799.85138,310.98574,1401.8457,-1698.82507,162.46496,1392.34543,-1701.40274,311.985,1462.74963,-1840.86166,157.2341,1454.552,-1844.63089,250.15575,1294.29428,-1909.36279,236.32811,1326.2854,-1670.54733,234.62814,1220.98541,-1665.90912,437.10945,1434.09729,-1743.64609,503.24863,1257.41188,-1743.3284,528.79616,1115.49255,-1725.01678,501.21029,981.58897,-1677.33521,375.29758,892.72797,-1571.19675,435.10174,845.85785,-1612.57126,414.45339,834.51477,-1546.67023,45.24892,1431.02509,-1770.26596,-23.17299,1252.06459,-1829.3602,-46.12706,1124.77814,-1890.29785,-56.14321,1030.21698,-1925.8107,-34.62316,837.78839,-1864.56619,-62.75618,846.81084,-1945.61844,-90.35937,803.58582,-1906.18103,347.02518,978.36273,-1746.73355,111.92739,988.13957,-1745.96786,305.3236,1027.47566,-1944.34402,130.60535,1024.19022,-1927.82242,347.9818,752.12029,-1981.82617,362.93106,543.43418,-1981.98227,336.21262,360.41313,-2013.89069,334.60831,207.96749,-2129.08768,270.32022,150.68515,-2208.27194,284.33016,73.94028,-2027.00943,73.32357,705.23323,-1853.00751,52.68075,539.66843,-1707.84943,101.83612,311.09457,-1704.93301,76.08348,154.71982,-1799.17297,141.05672,105.80412,-1847.24625,79.55324,89.82332,-1657.09274
51,1.677,304.92786,1633.42194,-1608.24814,133.37929,1625.43533,-1618.08792,327.21802,1615.32578,-1756.15005,133.15027,1608.54218,-1768.9502,304.91985,1397.66373,-1669.20303,158.37279,1387.42737,-1672.68784,308.97051,1458.55804,-1808.74969,154.74715,1450.64957,-1813.7912,247.45024,1291.88538,-1881.44257,231.32462,1320.15671,-1641.84189,229.7542,1214.65141,-1639.46442,432.04868,1428.97797,-1710.70755,498.91136,1253.40553,-1709.19449,524.59408,1111.56021,-1689.01108,494.71977,978.3847,-1637.98096,365.65491,894.8616,-1530.53391,425.22091,845.97595,-1570.05463,403.13133,836.2944,-1504.29077,41.91724,1426.99112,-1741.20193,-27.12597,1249.9781,-1804.54285,-49.02589,1124.28734,-1869.37881,-59.14238,1030.99823,-1908.05145,-40.68507,836.34804,-1852.21817,-66.95066,848.36586,-1933.59039,-95.22991,803.68408,-1896.57898,345.56778,974.04678,-1723.66272,110.09015,983.77274,-1723.12332,302.49584,1023.53943,-1920.39368,128.48016,1018.66249,-1904.81003,347.31426,750.58487,-1961.85944,361.87588,541.59657,-1966.9397,334.90547,359.77833,-2004.26285,333.80737,210.32637,-2123.61099,269.48994,155.50323,-2204.81522,283.87865,73.67564,-2026.11237,73.74045,700.11429,-1825.71777,54.62617,537.57442,-1675.01633,102.38396,311.84603,-1643.11691,72.60935,143.82466,-1712.48642,136.15961,88.16699,-1755.05264,81.07552,98.06143,-1562.58652
52,1.71,300.5061,1619.85535,-1575.05447,129.14287,1611.91498,-1585.55649,323.52493,1602.22107,-1722.7829,129.53816,1595.7988,-1736.66306,299.44056,1384.1983,-1637.49786,153.19689,1373.36594,-1642.05551,305.56042,1447.47528,-1775.87494,151.44768,1439.33685,-1782.40906,244.8628,1282.3085,-1852.69974,226.14328,1305.39948,-1612.32605,224.73837,1199.91554,-1612.65442,427.16606,1416.28464,-1676.56296,494.47365,1241.32545,-1673.36075,520.70778,1099.67384,-1651.18362,488.22987,968.05016,-1596.62796,355.92365,890.33401,-1488.11981,414.80461,839.08096,-1525.35217,391.8491,832.00874,-1459.69742,37.94433,1414.70474,-1711.26785,-31.92742,1239.08707,-1778.35388,-53.77404,1115.08934,-1845.93155,-64.24265,1022.90375,-1886.86905,-47.64524,826.76399,-1835.34302,-73.26131,841.06232,-1916.71173,-101.80712,795.44235,-1881.23337,342.52754,962.12387,-1698.30597,106.8014,972.87735,-1699.30573,301.12219,1012.67494,-1895.30304,126.53295,1007.08298,-1881.40411,346.68808,744.43695,-1941.48132,359.58508,535.91106,-1953.72314,332.22275,355.72395,-1996.99844,330.93216,209.75651,-2120.77301,266.46112,157.30959,-2203.77731,282.98578,73.32217,-2026.44135,73.1862,689.81155,-1795.80414,54.98839,532.25758,-1637.81647,101.90886,312.64484,-1580.81238,68.41699,137.52894,-1626.73767,129.93248,77.50703,-1664.65759,83.81676,105.69568,-1471.52481
53,1.743,295.53604,1602.40219,-1540.20203,124.57676,1594.80148,-1551.54099,319.46898,1584.99268,-1687.92755,125.48655,1578.62885,-1702.73224,295.74644,1362.02362,-1601.85974,147.40298,1352.92603,-1609.71237,302.46233,1431.7305,-1740.63187,146.8189,1422.81921,-1749.45496,242.69659,1267.89902,-1822.52335,220.49671,1285.01312,-1581.19293,219.31549,1179.73038,-1584.58344,422.92183,1397.56546,-1640.99838,490.06924,1222.20795,-1635.98404,516.32896,1080.91171,-1610.3894,481.43158,951.38626,-1553.61923,346.20941,878.66249,-1445.59967,404.70528,824.96193,-1480.0174,381.06552,821.35307,-1414.22806,32.67664,1395.70602,-1679.59213,-37.32636,1220.55748,-1750.09399,-59.88197,1098.10104,-1819.4017,-70.75485,1006.94229,-1861.79947,-54.88073,809.90952,-1813.86856,-80.75596,825.84412,-1894.99588,-109.56492,779.87297,-1860.05753,337.37679,946.04988,-1670.03571,102.23506,957.92213,-1673.15186,299.64031,997.82043,-1868.09692,123.65361,991.46477,-1856.51047,344.51221,737.35397,-1920.32867,357.4918,529.66396,-1942.10129,329.86885,350.99899,-1990.80017,328.9674,208.60126,-2118.82523,264.74644,158.28264,-2203.71246,282.18918,73.14914,-2027.34665,70.98408,675.65186,-1762.04239,53.68825,525.19646,-1595.89279,100.33369,312.9443,-1519.67041,64.36449,134.12968,-1547.3793,124.68113,71.75028,-1581.22818,85.75897,112.2864,-1388.57361
54,1.777,289.91419,1584.37408,-1503.33572,118.84146,1577.14264,-1515.42557,314.58015,1566.19278,-1650.83588,120.76292,1560.20126,-1666.66611,289.46781,1341.40762,-1564.54971,141.3878,1331.22086,-1575.18021,298.4145,1415.42007,-1702.42462,142.14194,1405.85815,-1713.43628,240.29913,1252.77412,-1788.52493,214.4104,1263.18672,-1546.67923,213.3963,1158.20198,-1552.36618,417.67273,1378.06152,-1600.97656,483.92815,1201.60507,-1596.10916,509.49909,1060.80635,-1566.56769,474.07936,932.74239,-1510.27634,337.9586,860.59563,-1405.30457,397.12395,805.30296,-1437.08878,372.56668,805.38147,-1370.81573,26.93422,1375.84991,-1645.4689,-42.29845,1198.99391,-1717.56317,-65.84775,1077.49771,-1786.61865,-76.9524,988.19023,-1830.23407,-61.60396,790.53177,-1786.48697,-88.31789,807.98721,-1867.18323,-117.47533,762.03423,-1832.40265,331.20193,929.86336,-1639.37424,97.11016,941.80206,-1644.05533,296.23178,982.27806,-1838.13736,119.00231,975.26939,-1828.37128,342.5473,730.44106,-1896.19492,355.58338,523.51334,-1927.30118,328.1218,346.82545,-1982.11151,327.98599,208.76219,-2115.20493,264.46104,161.58316,-2202.0903,281.56818,72.81054,-2027.8862,67.17726,662.03003,-1722.46506,51.22007,518.6792,-1549.30344,98.50596,311.55235,-1462.46155,62.66347,131.75292,-1478.21274,121.97607,67.48514,-1510.12192,86.4953,117.84868,-1319.17618
55,1.81,282.76867,1570.03159,-1463.66882,112.10871,1563.47809,-1476.85394,308.30822,1549.99374,-1610.76508,114.60302,1544.6637,-1627.79602,282.77899,1323.61359,-1522.59766,133.89345,1313.87115,-1536.54602,293.1039,1402.53403,-1659.4989,136.74269,1391.75583,-1674.46579,237.67906,1239.67491,-1749.70245,206.69165,1245.55557,-1507.4234,206.13985,1140.66666,-1514.33319,409.34464,1362.68494,-1554.44305,474.38419,1186.30798,-1550.52017,500.14626,1046.75842,-1522.4823,467.39914,916.092,-1469.25842,332.41116,838.94302,-1368.52432,392.74765,784.1391,-1398.29498,367.94899,785.99968,-1331.95053,20.4359,1360.35431,-1608.76724,-45.92392,1181.78055,-1679.26025,-69.86588,1059.58969,-1746.9838,-81.27238,971.90002,-1790.98068,-66.99841,773.53973,-1750.78583,-95.28178,792.69936,-1830.4837,-124.59161,746.55945,-1795.8699,324.80133,917.49916,-1605.25101,90.89714,928.8311,-1609.41071,289.95708,968.01704,-1804.45313,112.47238,961.69266,-1794.68964,340.37899,725.02678,-1866.15707,353.34137,518.75782,-1904.47693,326.76067,344.48845,-1966.8222,328.02574,212.62678,-2106.5715,265.25715,170.19741,-2195.67383,281.39919,72.52155,-2027.10312,65.92585,651.88736,-1678.94913,47.13865,513.95954,-1499.44382,97.06656,307.77721,-1412.07214,62.41889,127.88178,-1425.93781,122.06458,63.7254,-1458.32596,86.30595,115.03288,-1267.71713
56,1.843,273.56474,1562.91153,-1420.81711,103.11537,1556.66885,-1435.18906,300.22909,1540.83984,-1567.49619,106.69641,1536.1293,-1586.06537,272.35353,1315.30807,-1475.92453,124.57614,1305.43091,-1492.7536,286.51888,1395.49545,-1612.72614,129.55615,1383.20023,-1630.75912,232.21811,1232.47383,-1704.45297,197.06034,1237.03728,-1462.01309,196.5766,1132.14088,-1469.2543,399.45683,1353.83865,-1503.34763,464.13166,1176.96938,-1500.19577,490.11868,1037.23885,-1477.99301,461.86913,904.13399,-1431.4537,330.52654,816.92451,-1335.71945,392.70889,765.33615,-1366.76071,368.19935,764.94705,-1300.38605,11.77455,1351.2114,-1567.16263,-51.11534,1170.48309,-1637.285,-73.16312,1047.19551,-1701.76224,-84.11629,959.75319,-1744.87778,-72.23015,760.79224,-1703.55972,-98.96005,780.81459,-1784.0889,-129.40179,735.09048,-1749.70657,319.55812,908.82813,-1564.22913,85.41615,920.96008,-1566.12259,282.03672,958.01491,-1762.39334,104.87389,954.58359,-1751.47324,334.37393,721.6172,-1828.52921,350.98732,515.91244,-1871.21002,326.04137,344.3668,-1942.71103,329.2823,221.19623,-2090.25742,266.97405,185.79231,-2180.97733,281.47785,71.83479,-2024.08768,62.95159,646.27609,-1631.90842,42.72254,511.23798,-1450.74463,96.19291,300.1865,-1372.97638,64.09459,120.59959,-1396.67267,124.16228,59.36213,-1433.43124,87.97095,100.82227,-1240.40085
57,1.877,262.43509,1563.36655,-1375.50629,92.29003,1558.16238,-1390.79361,289.78647,1538.84308,-1521.71341,96.33602,1535.31662,-1541.39053,261.30981,1315.94666,-1423.33084,113.36312,1305.10193,-1443.66104,276.61077,1393.72559,-1562.0726,120.49088,1380.5545,-1582.93884,224.71685,1229.38683,-1653.03406,185.59958,1237.43538,-1410.42725,185.65565,1132.4826,-1416.48849,389.50665,1353.33801,-1450.74722,454.74342,1175.61127,-1451.56281,480.68737,1035.22224,-1434.94873,458.51303,899.49318,-1397.49161,332.88433,797.65083,-1309.27368,397.73087,752.20345,-1344.49417,374.15825,745.48416,-1278.51654,1.60696,1348.86215,-1521.29532,-58.18285,1165.63972,-1588.37753,-77.66692,1040.83183,-1650.22186,-87.27312,952.47177,-1691.66046,-76.06337,754.68575,-1645.54123,-100.18963,772.51274,-1727.38922,-131.88554,727.70309,-1693.06076,312.26137,904.30992,-1513.10181,79.34975,922.84088,-1515.57602,275.0326,955.03326,-1710.69687,97.48465,957.65503,-1700.87036,325.99354,720.59227,-1778.8205,348.62396,516.04549,-1824.5903,326.51814,347.44282,-1905.89172,331.60614,234.75761,-2061.40488,268.77226,207.66003,-2151.47705,281.36967,69.90842,-2017.3761,54.07994,647.25235,-1581.74271,37.69585,509.60205,-1402.89398,96.38222,293.71748,-1343.38531,68.20183,118.65764,-1388.59924,126.59582,63.29921,-1430.60944,87.51138,74.36585,-1234.73885
58,1.91,251.00548,1570.75958,-1329.17572,80.48315,1566.70425,-1343.80493,277.70828,1541.98914,-1474.71466,84.23712,1539.4928,-1493.84842,248.77895,1323.48083,-1367.01691,101.72145,1310.77362,-1391.42914,266.53543,1399.27124,-1506.82205,110.98353,1384.56024,-1531.0762,217.7825,1234.79248,-1598.34503,173.38764,1244.0654,-1355.33569,173.77518,1139.17725,-1359.42154,378.11302,1359.91821,-1392.80045,444.99962,1181.80763,-1402.50397,472.52666,1041.70227,-1394.56909,457.76722,903.14796,-1369.5726,340.06279,785.19402,-1290.47455,407.15866,748.25264,-1331.28342,384.99584,732.67982,-1266.23489,-9.02353,1352.18399,-1471.37085,-66.39235,1166.42883,-1533.70209,-83.73762,1039.37744,-1592.83386,-91.73204,949.28513,-1631.27594,-78.54572,753.71201,-1576.98807,-101.45444,767.72148,-1659.97223,-132.8935,723.75534,-1624.49615,302.60319,906.5181,-1457.00562,70.19482,931.92101,-1460.38528,269.464,958.07877,-1653.95752,92.14634,965.82672,-1645.72662,317.87491,716.32614,-1718.37784,347.36546,511.24619,-1757.37228,329.32739,347.65709,-1851.34109,334.0332,247.55508,-2014.87091,268.00304,231.70704,-2100.70236,281.84483,66.37044,-2005.47623,42.48139,656.33858,-1530.578,33.18293,514.03046,-1357.83752,92.02598,289.84289,-1315.97656,64.18181,117.5852,-1375.74097,124.97576,67.5451,-1423.79913,84.03959,66.18202,-1225.06508
59,1.943,241.16306,1579.7554,-1283.00812,70.89668,1576.18607,-1296.01807,266.01984,1548.65448,-1428.22952,72.47019,1547.21939,-1445.54565,236.85392,1333.51395,-1314.21997,91.39685,1320.09811,-1338.66302,256.59319,1407.25494,-1454.21524,101.62574,1390.87524,-1480.20905,210.30647,1241.0495,-1543.72437,162.51543,1254.12582,-1300.63538,163.22836,1149.19083,-1301.68945,366.35113,1370.66238,-1336.75278,435.41023,1195.12672,-1351.46408,466.92383,1054.78683,-1357.02332,459.35287,914.11354,-1346.26709,350.63427,780.83458,-1278.59528,418.57002,753.50876,-1325.12604,399.23855,728.58536,-1262.21085,-18.67213,1359.74686,-1419.87595,-74.89252,1171.86646,-1475.67642,-91.08328,1042.11197,-1530.94284,-97.46389,949.25163,-1565.04044,-79.03735,757.34276,-1499.97162,-103.27451,766.1853,-1583.15094,-133.27414,723.49068,-1544.77478,294.41786,913.13286,-1401.4653,61.80927,938.44887,-1406.77475,260.7069,965.06615,-1598.35358,84.33112,973.33794,-1591.29974,311.43419,703.0304,-1647.70462,347.4522,498.24665,-1670.10239,329.47861,345.1371,-1779.44839,331.80958,266.85841,-1954.26987,263.86122,266.64291,-2033.88931,283.47486,81.02878,-1982.27295,35.04037,662.26311,-1484.53735,25.83647,506.2014,-1322.91733,89.8109,284.07349,-1296.96716,66.1743,117.74035,-1368.50769,125.62515,69.35237,-1422.52075,88.10164,64.48103,-1222.63329
60,1.977,234.22432,1591.03348,-1237.40433,63.71968,1588.56216,-1247.55547,256.37218,1558.87619,-1382.8186,62.5843,1558.5791,-1396.89255,230.39331,1346.29517,-1264.12476,84.3935,1331.48727,-1286.35986,246.45247,1417.87704,-1405.96619,90.73225,1400.62561,-1429.45007,199.15674,1250.81253,-1492.81204,156.77998,1266.50032,-1248.66905,158.02868,1161.57341,-1248.30528,360.01862,1383.31604,-1289.91959,430.16537,1210.72243,-1308.32458,463.17059,1068.67546,-1321.83304,462.88715,929.2466,-1325.04837,362.63123,783.68385,-1270.48546,431.45882,765.84496,-1320.06592,413.4309,731.94572,-1261.41884,-27.94809,1369.54941,-1365.79544,-83.47997,1179.82697,-1415.77896,-99.01471,1047.6429,-1466.86401,-103.86964,951.58775,-1494.79874,-79.36869,765.90942,-1415.64545,-104.72986,767.96265,-1500.13809,-133.27791,727.21748,-1457.15485,285.13391,922.16568,-1346.79535,52.13865,947.52647,-1356.15463,256.71553,971.53061,-1544.77982,80.41935,983.80836,-1540.11398,308.97888,689.83597,-1573.48663,341.85005,486.53866,-1569.63425,322.84908,343.67748,-1688.02826,324.36199,286.0924,-1870.32562,248.69652,295.21372,-1939.61487,298.41057,105.63858,-1934.37378,35.5095,665.87227,-1455.01343,20.52475,503.36491,-1301.74957,85.83246,279.8032,-1285.67383,65.87151,117.5497,-1367.30881,125.81585,70.65908,-1421.99646,89.46323,63.92212,-1221.97029
61,2.01,230.06247,1604.81873,-1192.03758,59.51972,1602.92755,-1198.53111,249.10484,1572.80975,-1338.08807,55.02477,1573.07083,-1347.94647,227.19753,1361.47064,-1217.31125,80.51085,1345.63751,-1235.4586,238.25506,1431.31912,-1361.30035,81.36688,1413.2724,-1379.37332,188.53228,1263.24585,-1443.84552,154.38555,1281.24573,-1199.46365,155.67105,1176.33644,-1198.71277,356.20018,1398.3316,-1248.27896,430.02628,1226.09741,-1275.53566,462.1587,1085.5809,-1295.50201,467.57996,948.5762,-1307.18994,374.49474,794.4239,-1262.4453,444.70264,784.51782,-1312.86591,426.60183,743.29895,-1259.18457,-35.1897,1382.50519,-1311.48102,-90.70336,1190.91103,-1353.59787,-106.85164,1056.1721,-1399.63715,-110.24782,957.25311,-1420.7811,-78.20461,779.23759,-1327.95227,-105.72978,773.15689,-1410.8342,-132.47719,736.10626,-1364.75128,275.02512,935.65475,-1291.26114,42.09343,958.8295,-1306.94443,254.76059,980.87967,-1490.60028,77.88757,997.08351,-1489.77005,303.84546,685.94986,-1493.87482,338.06248,487.41905,-1466.94321,316.26245,352.13295,-1588.14972,312.07096,308.14404,-1776.28311,235.04681,313.19595,-1851.55563,296.06888,127.70524,-1824.04129,30.89185,678.1987,-1423.97415,17.87325,501.17592,-1288.71735,84.20547,277.98382,-1280.2742,65.43684,117.84739,-1365.88348,125.63223,71.94979,-1421.87424,89.84189,63.55818,-1221.81068
62,2.043,228.29027,1619.33105,-1146.54366,57.54157,1617.97485,-1148.97598,243.80823,1588.89572,-1293.39783,49.40498,1589.59396,-1298.49548,225.96594,1378.60245,-1171.57516,78.58644,1362.01172,-1185.42511,230.37321,1446.12518,-1317.23007,73.48375,1427.96417,-1329.83368,177.90789,1277.27623,-1395.34271,153.64842,1298.25623,-1151.19186,154.61377,1193.17184,-1149.66621,353.69209,1414.73343,-1210.01228,428.70659,1245.71053,-1247.42523,462.61578,1107.30927,-1274.7718,472.547,971.21323,-1293.01727,386.59939,811.0392,-1254.29619,455.92846,806.96281,-1305.62057,440.41157,761.62781,-1254.5108,-40.53101,1398.23669,-1258.01872,-96.73061,1204.82986,-1289.49997,-113.92568,1067.7169,-1329.39606,-116.06193,966.5168,-1343.29285,-75.89163,796.98265,-1238.4481,-106.84288,783.76579,-1319.2984,-130.95867,750.20508,-1269.24065,266.31117,953.34152,-1236.66512,33.88872,968.32458,-1259.97925,251.24571,995.10056,-1436.2291,74.68612,1010.41298,-1438.99673,299.51014,689.90471,-1413.21075,331.88553,496.51524,-1363.02948,308.78147,357.94216,-1477.44476,301.04654,311.01831,-1664.47922,224.88337,312.71614,-1745.71747,282.16105,131.39395,-1695.0798,30.11504,689.98596,-1397.74139,17.88034,501.98601,-1282.397,82.93392,278.74233,-1278.78517,64.66031,119.2307,-1366.22421,125.29061,73.94458,-1421.73691,89.80597,63.31795,-1221.74011
63,2.077,227.80394,1630.38895,-1100.30952,57.10485,1629.74533,-1098.84254,240.04261,1602.63229,-1248.20778,45.44932,1604.12811,-1248.74886,225.03586,1393.93768,-1129.29146,77.57908,1377.9303,-1136.36383,222.50273,1457.57034,-1274.63158,66.60215,1440.75195,-1280.46417,166.69464,1288.60703,-1347.34894,153.55969,1314.52988,-1103.508,153.63786,1209.2276,-1100.11032,350.65556,1429.51111,-1174.23782,427.58213,1264.2025,-1223.545,462.88197,1128.77876,-1255.69435,475.96657,993.56499,-1279.42841,398.94463,828.39012,-1241.72302,464.3581,828.70171,-1298.2843,454.37958,781.42975,-1247.64046,-44.42408,1413.4111,-1205.13008,-101.73064,1219.60274,-1225.14854,-119.98603,1080.18372,-1257.37183,-121.29607,976.78307,-1263.90762,-73.17213,816.48865,-1148.19847,-108.7551,796.74728,-1226.29494,-128.87321,766.79779,-1172.11937,259.6431,967.83051,-1183.91197,26.15038,975.54642,-1210.70259,248.21749,1006.49963,-1382.97104,72.20951,1021.55228,-1387.89001,295.56492,697.66319,-1335.33813,324.96574,507.677,-1261.00014,297.26147,359.74228,-1362.89505,287.16759,297.24813,-1545.00854,212.70235,291.88801,-1632.47864,263.808,122.52538,-1546.92062,34.3254,701.69235,-1375.73044,19.20223,504.03778,-1280.49255,82.91958,281.38506,-1277.9763,64.68152,122.73159,-1366.67252,125.91006,77.95719,-1420.7135,89.51881,63.12893,-1221.35757
64,2.11,227.87764,1635.54108,-1053.19008,57.14589,1636.11786,-1048.56728,237.39359,1610.31601,-1201.95839,42.6147,1613.16162,-1198.84903,224.07347,1404.73038,-1086.94862,77.36845,1389.30939,-1088.25211,214.4042,1463.1044,-1231.69411,60.05546,1448.34549,-1232.0237,156.05553,1294.5607,-1299.74335,153.65847,1325.66437,-1056.43776,152.90074,1220.39467,-1050.88234,346.76273,1438.99765,-1137.85934,424.63905,1278.79662,-1196.39969,462.39693,1145.39352,-1235.047,478.07842,1011.2532,-1264.4989,411.42612,841.83197,-1225.86929,470.57083,846.31477,-1288.25012,467.52743,797.26669,-1238.56766,-47.53726,1423.46085,-1152.27089,-105.96724,1230.4277,-1160.32692,-126.06933,1089.05685,-1185.49095,-126.83903,983.85284,-1183.93677,-71.35427,834.34258,-1057.18323,-110.92837,808.4552,-1132.66785,-127.00663,782.03812,-1074.22104,253.76209,975.49431,-1132.20108,19.85854,978.01445,-1163.05527,245.34252,1011.40442,-1331.30219,70.2109,1026.82396,-1338.6644,298.76181,703.43163,-1261.29395,318.25302,518.64082,-1161.95755,285.28147,358.23265,-1246.43051,273.73043,272.50385,-1419.13132,198.64986,254.3037,-1508.77808,248.83404,107.2138,-1389.17923,34.31166,713.37372,-1349.12689,20.83603,508.58879,-1275.7579,82.71022,287.04632,-1274.91653,65.06597,128.67556,-1364.86908,126.73656,85.09391,-1418.49457,88.89437,63.0933,-1220.50247
65,2.143,227.89419,1634.26926,-1004.87206,57.1803,1635.84747,-998.30475,235.11593,1610.54733,-1153.92136,40.70662,1614.97742,-1148.65456,223.41141,1406.97357,-1043.55042,77.4726,1392.64908,-1040.11337,207.74036,1462.62833,-1186.86775,54.83576,1448.55453,-1183.04939,148.13582,1293.67661,-1251.85059,153.77522,1327.85675,-1009.28596,151.96741,1222.76985,-1002.91374,343.00709,1440.63385,-1099.34502,421.07697,1285.76508,-1165.84999,460.86342,1154.99283,-1212.28302,479.15459,1022.28928,-1246.4048,423.56899,848.94745,-1206.07094,475.38712,857.5882,-1274.10774,479.35097,806.8528,-1226.46011,-49.21344,1425.49301,-1101.12312,-110.67313,1234.06227,-1097.00485,-133.09069,1091.287,-1113.62686,-133.45687,985.41145,-1102.89635,-70.35387,848.39935,-965.8168,-113.7746,816.15074,-1036.0215,-126.05572,794.29718,-975.56641,247.16463,976.03218,-1081.35658,12.71333,975.20988,-1115.48775,243.568,1009.54758,-1280.56198,69.07705,1027.02225,-1290.39627,304.53903,704.53659,-1188.96805,310.67465,527.74055,-1070.13435,274.32198,354.04861,-1130.76393,262.19961,240.21662,-1286.60339,187.13131,207.43217,-1373.55545,236.03952,90.21765,-1224.39606,36.77218,722.47948,-1322.1701,21.70689,513.04905,-1267.98737,82.82715,291.30653,-1270.18646,65.22976,134.56123,-1363.16238,127.83766,91.67706,-1416.47491,87.7798,63.52889,-1220.17197
66,2.177,227.57843,1625.56946,-955.18753,57.00372,1627.74475,-947.53212,233.80074,1603.32764,-1104.5591,39.4593,1608.55408,-1098.0397,223.46745,1398.54935,-997.07207,77.0114,1385.86288,-991.04256,202.30091,1454.36996,-1140.52299,50.51527,1440.50507,-1133.93417,142.0015,1285.49042,-1203.76526,153.7125,1320.79758,-961.51024,150.82754,1215.50652,-955.42397,339.67609,1433.97812,-1058.45131,418.0513,1284.40796,-1134.88388,458.42495,1156.52695,-1186.00426,479.10187,1025.37788,-1224.80621,434.31816,849.29703,-1183.34694,479.06803,861.04576,-1256.27762,490.12566,809.74747,-1210.62798,-50.55469,1419.12445,-1049.80972,-115.31754,1229.95468,-1035.12329,-141.18003,1086.93619,-1041.68869,-140.92161,981.30157,-1021.4006,-69.71648,858.09723,-875.35004,-115.1368,818.26729,-939.43001,-125.87717,803.60046,-876.75308,239.83438,969.50722,-1031.34895,6.30869,965.87509,-1070.47104,242.33932,1002.75574,-1230.13054,68.16602,1020.70374,-1243.27736,303.72772,702.1759,-1118.97217,304.07278,532.96738,-985.98274,266.2145,349.03976,-1016.44142,254.19649,207.30337,-1146.53954,180.01646,157.46571,-1227.04132,224.59286,76.35638,-1054.15771,42.46738,724.89563,-1293.22372,22.71173,511.25862,-1251.29585,83.45498,290.6234,-1262.40158,67.30497,137.13389,-1361.08917,130.6867,95.50166,-1414.90784,88.22606,62.85072,-1220.54543
67,2.21,227.53014,1609.86038,-904.18785,56.74189,1612.77649,-895.9864,233.01535,1588.37952,-1053.51578,38.69443,1594.61349,-1046.57692,222.65945,1382.50397,-949.90707,75.65646,1370.22491,-940.62332,197.98323,1439.30466,-1092.41104,46.47564,1425.41275,-1082.99789,136.68962,1270.86975,-1155.69786,153.02182,1305.01801,-913.67775,149.75118,1200.04539,-907.11441,336.73218,1418.66211,-1014.431,413.96954,1274.26186,-1098.30971,455.44117,1149.69704,-1155.23903,478.18199,1019.96277,-1198.80653,443.22826,841.89995,-1158.55896,482.05467,856.47583,-1234.35951,498.66734,805.10361,-1190.64232,-52.17068,1404.83765,-997.96455,-119.5937,1218.46657,-974.0303,-149.24159,1076.0231,-970.25536,-148.20053,971.80832,-940.57426,-69.50414,863.06366,-787.21138,-117.70041,817.22153,-844.49043,-126.00239,809.32846,-780.0631,233.39985,955.59792,-981.77963,1.58066,952.22229,-1025.49866,242.19025,988.97377,-1180.01686,68.0795,1007.06879,-1197.42455,295.74301,693.4494,-1055.63828,297.70504,532.13459,-909.93179,260.68508,343.86623,-906.16257,249.08506,177.02835,-1001.856,175.85192,110.23285,-1069.90921,218.92319,70.8986,-882.57713,45.07344,719.51073,-1258.43971,23.13371,504.54445,-1229.04137,86.56949,286.06039,-1250.94284,72.35396,137.28465,-1356.49841,136.56407,98.393,-1412.72873,89.99552,62.24241,-1219.78172
68,2.243,227.3131,1590.70267,-851.25603,56.55779,1594.99649,-842.948,232.44246,1568.44833,-1000.54398,38.25114,1576.19675,-993.47488,221.81252,1362.05246,-899.84627,73.59819,1348.07327,-887.66792,195.27582,1421.76529,-1040.50781,42.92419,1408.08685,-1028.39676,132.1087,1253.46367,-1107.01965,151.42738,1283.01849,-863.36014,148.08262,1177.90596,-859.14574,334.99187,1396.92001,-966.38832,409.9498,1256.2233,-1056.78452,452.45007,1134.53239,-1118.9724,477.6825,1007.276,-1166.62605,450.27554,827.06223,-1129.98436,484.98329,845.08453,-1207.53906,505.08778,793.25981,-1165.78651,-54.17684,1385.04883,-943.69743,-123.79153,1200.83122,-912.60406,-156.57063,1060.12459,-899.46396,-154.41403,958.43178,-861.39343,-69.60108,863.92418,-702.01897,-119.72983,812.70691,-753.11623,-126.38698,811.38359,-687.97211,228.75212,936.8103,-929.91829,-1.5892,937.31064,-977.83913,243.66457,967.83417,-1129.74937,68.8673,989.08401,-1150.5127,288.49709,675.51285,-995.78674,290.0156,523.63838,-841.24641,255.88169,340.07095,-802.59186,246.77338,155.79825,-856.09238,174.21949,74.53732,-906.43417,219.01068,79.61109,-714.739,49.07473,716.92337,-1219.16031,24.5271,500.99384,-1208.40424,87.60985,284.11436,-1240.11848,76.32965,140.91472,-1354.03305,141.83028,104.34003,-1409.96048,91.24599,61.92484,-1220.47768
69,2.277,227.54408,1573.24188,-796.16776,56.82157,1577.92694,-788.50304,232.58707,1549.22958,-945.33531,38.32622,1557.63885,-938.50922,222.6511,1337.59201,-844.8983,72.77806,1324.30435,-831.25847,193.64868,1406.18652,-984.68155,40.59658,1391.99966,-970.57381,128.50711,1237.40547,-1053.35754,151.09188,1260.15495,-809.50951,147.61056,1154.97261,-807.44301,335.01133,1375.9198,-914.83818,406.65695,1233.19824,-1009.66789,448.36853,1114.68651,-1072.59346,475.67017,991.88225,-1124.91173,454.3914,809.7644,-1096.49666,487.13497,832.30431,-1173.84605,509.69154,779.5018,-1134.80789,-54.98955,1366.0733,-884.83955,-126.77043,1182.12776,-850.83961,-162.15401,1044.56955,-831.45538,-159.14599,945.76843,-786.8898,-70.46565,863.13927,-623.53809,-121.89139,807.994,-669.52988,-127.54644,812.08595,-604.25262,226.1138,919.66713,-876.75545,-3.15656,922.59377,-927.31636,244.63163,947.02271,-1077.70943,69.83102,972.05063,-1099.70215,285.09333,655.17799,-939.02275,283.98184,510.72021,-776.00029,250.62504,339.66473,-706.9809,245.88047,148.7998,-719.82719,175.51996,58.9438,-755.76843,213.8991,98.79655,-565.42061,53.2928,715.28397,-1176.98509,23.04573,499.52843,-1183.44902,86.97396,284.37737,-1226.01311,76.35218,148.31768,-1348.46161,142.08454,114.98438,-1405.85144,91.43101,61.68053,-1220.8609
70,2.31,229.11335,1561.05759,-738.49907,58.44263,1565.33295,-730.5278,234.09365,1535.72159,-887.52457,39.64767,1543.22281,-880.37193,223.72688,1323.81577,-787.98866,73.96857,1309.20105,-770.93834,192.57399,1392.93594,-926.76544,39.81195,1380.10773,-909.01329,124.97027,1225.17479,-995.22285,152.82329,1245.39345,-751.15349,149.63493,1140.39207,-748.75778,335.61275,1360.46234,-860.49484,401.99474,1214.27246,-956.60973,442.37366,1096.91422,-1016.68243,471.28315,977.94243,-1072.69943,456.43642,793.57712,-1052.4469,487.69222,822.16232,-1128.57498,511.74053,767.34482,-1093.61435,-53.55107,1354.00665,-820.31174,-126.99419,1170.97801,-787.79892,-165.58445,1034.80003,-769.49638,-162.24287,936.92085,-721.43272,-72.74586,861.88377,-555.10956,-123.56422,804.06639,-598.36933,-129.96904,812.15195,-533.29937,224.88113,908.12698,-819.42329,-3.94571,910.9433,-872.54173,246.98353,932.47009,-1019.8082,72.54937,959.29626,-1043.89908,283.05866,642.49054,-877.46681,280.58582,501.93001,-711.18668,246.70717,340.15923,-625.76946,239.96078,149.98398,-617.68555,169.19659,56.97661,-644.44077,204.50354,113.43919,-456.63292,52.71521,712.29172,-1127.7494,18.34113,497.16019,-1144.7496,82.0212,284.99676,-1204.43253,70.98396,159.17966,-1337.26776,136.26698,132.60373,-1397.53006,90.47739,61.28135,-1219.52515
71,2.343,232.58678,1556.50513,-678.47496,61.99324,1560.45425,-669.96689,237.08323,1528.79868,-827.09389,42.71836,1535.70175,-819.39827,226.8618,1316.5567,-726.58768,77.2949,1304.64447,-705.84633,193.67182,1385.57236,-864.47762,40.93033,1375.37674,-844.48463,122.70703,1218.82278,-931.65779,155.92392,1239.37134,-687.76413,151.5747,1134.3998,-685.3968,337.68078,1350.79834,-801.25526,398.26534,1201.23215,-897.72675,435.45448,1082.91435,-956.00945,464.71191,966.15814,-1012.11075,456.30478,780.2417,-995.18402,484.64352,813.88649,-1070.09064,510.40615,757.51472,-1039.28276,-51.04871,1350.10269,-753.05695,-126.14886,1166.82907,-725.02853,-166.93949,1030.48027,-711.81305,-163.57878,931.67877,-664.98909,-76.85171,857.52327,-497.66468,-124.1264,797.41875,-542.03682,-133.9599,807.02042,-477.19097,225.91724,905.87631,-755.69931,-3.36982,903.04634,-807.82928,248.40437,928.94547,-957.15164,72.96934,950.289,-979.58115,282.95397,643.25096,-808.32787,277.68045,500.28889,-645.48004,240.93624,335.29114,-562.10011,228.15685,145.23231,-559.19224,154.91182,53.19918,-585.99171,192.92982,108.52896,-398.65776,52.8145,708.41141,-1063.60588,12.79745,495.22991,-1088.56789,75.72996,288.1778,-1169.28596,63.09771,177.47362,-1315.13031,127.03794,160.53658,-1378.05389,89.24876,60.39626,-1214.77005
72,2.377,236.66656,1560.28763,-616.73607,66.07408,1562.51709,-608.23868,241.52466,1528.96332,-764.53171,47.08279,1533.9888,-757.12875,230.87626,1314.70978,-661.42548,81.57443,1306.53168,-639.36565,197.1859,1384.42627,-799.67316,43.99338,1376.55243,-778.57719,123.30872,1217.92526,-863.69095,159.21598,1240.33928,-620.72243,153.75756,1135.52803,-616.50517,341.32442,1347.01202,-737.60307,398.14968,1192.65739,-830.578,431.12553,1073.13988,-887.23244,458.79292,956.80748,-942.63657,453.07903,770.58594,-924.51614,478.12359,805.36575,-1000.14427,505.50934,748.9167,-971.18195,-47.34091,1353.63449,-684.84924,-124.58942,1170.11444,-662.17171,-166.71495,1032.67059,-656.58585,-164.3162,931.25404,-616.59584,-82.24674,848.64822,-451.59107,-125.75173,789.59572,-500.72491,-139.19559,796.0907,-436.10691,227.21073,912.33238,-684.65004,-1.39048,899.00749,-734.93057,248.54849,931.97479,-886.45485,71.30202,945.92789,-908.14728,283.82595,646.2455,-739.41307,274.81367,495.83271,-584.31705,234.7938,326.16184,-510.78804,220.21523,136.16583,-528.02406,149.6249,57.20897,-568.94535,180.06334,70.86947,-372.54303,55.04424,700.33798,-986.33804,3.41206,489.92085,-1012.62695,66.16502,291.14813,-1115.54428,54.52041,200.36882,-1275.24559,119.16306,195.51651,-1335.13382,87.73898,56.95863,-1207.35336
73,2.41,239.60947,1570.69839,-555.02258,68.96432,1570.67657,-547.1656,245.36476,1535.76035,-701.99638,50.89379,1538.24387,-695.37781,233.95863,1319.78149,-595.36213,85.56535,1315.76996,-572.79743,201.39992,1390.65826,-733.06976,47.84517,1385.28778,-711.68388,124.39815,1225.08652,-796.48109,162.18178,1248.53333,-553.02265,155.73375,1143.96362,-545.8147,345.12619,1349.93317,-671.23924,399.97089,1191.13991,-758.59215,429.3494,1068.81935,-812.32025,453.8781,951.17317,-865.09697,446.14971,766.04965,-840.52765,469.96384,797.36649,-917.93472,497.01218,741.65131,-887.69211,-43.32278,1363.46268,-616.6087,-121.11868,1179.76761,-599.57268,-164.93559,1041.92154,-605.96069,-164.89832,937.66357,-574.98207,-87.38947,837.99973,-417.05574,-130.3125,785.5088,-472.99046,-144.75614,784.55475,-408.59169,230.50026,923.70697,-617.17995,1.22616,900.99777,-663.00407,245.75865,940.84724,-820.17319,68.63352,947.8006,-837.75826,287.88403,656.01105,-676.25893,276.77069,503.19992,-518.85601,235.14751,325.19081,-467.87182,222.4703,138.99782,-506.89774,151.57806,61.96466,-561.55468,180.26192,58.49386,-363.90247,54.09852,686.0405,-899.57565,-11.49244,479.03404,-912.92862,52.74106,291.6119,-1038.16162,50.83701,224.06025,-1209.47899,119.34309,235.78781,-1260.14755,85.41281,62.03235,-1187.69913
74,2.443,240.23209,1583.29437,-494.01249,69.51838,1581.94199,-487.52243,247.35161,1547.56989,-640.79559,52.85369,1548.42209,-635.63911,235.06269,1330.94879,-531.92936,86.28753,1328.12302,-511.04866,204.54931,1399.75739,-671.13388,51.06359,1396.47507,-650.74532,126.62385,1234.44054,-732.4054,162.37265,1260.87715,-489.1993,154.98013,1156.56624,-479.4244,347.40921,1359.76273,-606.13113,401.79955,1197.45148,-685.03487,428.2653,1072.0034,-737.44492,449.40372,949.17847,-782.58766,436.56025,766.95679,-743.13797,460.2943,791.10443,-823.1823,486.08013,737.1701,-788.56667,-41.58492,1377.34161,-556.21323,-118.07714,1193.02246,-545.06931,-162.65676,1055.43175,-559.91005,-165.61077,949.46465,-538.84632,-91.36277,828.85902,-393.23582,-136.74541,786.55159,-455.32402,-150.47494,776.42555,-392.2044,234.51639,936.24603,-552.73445,4.97773,907.85118,-593.33652,243.77205,953.00072,-755.94955,66.5684,953.62129,-770.66841,287.90323,662.26326,-626.14693,283.31127,500.92999,-485.37842,236.58833,319.79965,-442.65751,221.01395,137.99446,-498.3847,151.58775,64.20938,-559.84123,174.72061,56.10744,-360.93285,49.85228,663.4938,-810.18486,-22.83199,465.0716,-800.95459,46.10451,298.30318,-942.06917,57.10629,262.82677,-1122.57355,133.08998,276.37323,-1147.26112,62.9036,91.37938,-1152.4334
75,2.477,238.18851,1600.14404,-433.79143,67.57014,1597.57721,-429.38137,247.27953,1565.15717,-580.65044,52.74283,1564.71542,-577.81078,233.1827,1346.84067,-470.45528,83.77912,1344.93103,-453.01674,206.72991,1414.56406,-610.83347,53.10413,1411.52496,-594.3364,130.17186,1247.26524,-670.66086,158.98575,1277.29218,-429.1243,151.01869,1172.89085,-419.72565,348.18062,1375.25833,-542.34619,402.70489,1208.69255,-615.89859,428.19466,1080.69885,-663.20068,445.41103,951.30867,-695.87257,423.75782,776.08246,-636.30726,448.83816,788.65273,-718.33923,473.00026,739.19731,-676.65146,-43.59245,1393.56232,-503.33973,-119.19973,1207.57072,-500.1704,-159.82996,1070.05211,-519.45751,-165.4994,964.42619,-508.49148,-95.14082,824.65866,-377.76237,-145.32341,793.99055,-443.15136,-155.40996,774.44328,-381.92829,239.46293,950.97481,-491.17764,9.46639,922.74101,-526.46751,243.27061,969.1613,-693.89122,65.71999,964.33067,-706.67213,287.72415,673.94058,-584.88037,277.84121,499.54357,-458.0225,233.52583,316.73315,-429.14646,218.61816,138.26345,-494.51862,150.36414,66.21233,-558.66108,171.23932,55.11102,-359.57592,43.56414,659.98039,-717.16072,-32.20919,468.22701,-683.41377,39.84389,313.2222,-829.67079,65.20768,295.83725,-1011.56754,140.40506,300.68203,-1040.76462,50.40391,126.0673,-1038.37547
76,2.51,233.67947,1619.46823,-373.87764,63.06183,1615.65155,-372.12959,245.27309,1585.87982,-520.86555,50.69934,1584.2569,-521.32568,229.66608,1367.9361,-410.39379,79.93881,1364.2337,-396.84845,207.44473,1432.59064,-552.31171,54.33728,1428.35464,-539.89574,134.62047,1263.91808,-610.55656,154.93993,1297.26654,-370.80391,147.52324,1192.83157,-361.11622,347.50755,1395.71075,-480.00298,403.19405,1225.5455,-546.32099,428.80142,1093.45116,-586.1438,441.12556,958.76633,-604.77882,407.00462,794.05991,-525.38696,435.93647,792.72606,-607.17163,457.77786,750.87387,-556.44745,-46.13175,1410.63202,-453.45749,-120.87061,1223.40988,-461.26167,-156.3105,1086.40366,-485.82146,-164.21438,981.80222,-483.75111,-99.75644,827.12654,-367.02366,-151.98397,805.58548,-434.221,-161.01984,779.27406,-375.5468,244.24152,966.63559,-429.63158,12.51672,944.39774,-462.10175,242.02549,987.81265,-632.26788,64.95311,981.93359,-643.52028,284.4582,688.35266,-548.44269,271.28229,501.93752,-442.63317,228.10558,318.27824,-422.34776,217.83491,140.94284,-491.72325,150.87631,68.85703,-557.96803,169.69522,54.64618,-358.64258,39.02674,666.10641,-625.02277,-35.58643,482.2559,-564.84093,37.12409,322.60799,-704.21188,55.38161,298.31104,-886.11275,130.69765,308.33038,-925.13222,54.72531,130.14699,-892.26593
77,2.543,227.6301,1635.6636,-313.79183,57.00141,1630.35309,-314.99651,242.18393,1604.58923,-461.16943,47.37662,1601.12732,-464.8312,226.21056,1388.6882,-352.41077,76.29284,1382.30362,-342.05757,207.23335,1448.46024,-495.45231,55.73992,1442.38037,-486.5847,138.96197,1278.46107,-551.90372,151.54967,1316.89697,-313.6787,145.59559,1212.44919,-302.67733,345.81139,1416.47659,-419.38103,404.09378,1243.78319,-474.86618,429.18751,1107.45689,-504.90391,436.29383,968.97697,-509.68071,387.97798,818.22685,-414.66343,422.17487,802.85599,-492.46696,440.11475,769.97543,-433.20549,-48.00459,1425.63141,-404.48772,-120.66583,1238.86894,-422.72156,-152.66461,1102.48512,-455.57125,-161.99966,998.96187,-461.2421,-105.75264,832.81311,-356.56242,-154.88629,818.66409,-427.32616,-167.57536,787.5209,-371.64543,246.64333,979.22882,-370.23617,13.14371,963.95592,-401.26915,239.93315,1004.99115,-571.3102,63.79512,999.06174,-581.63635,282.72787,703.81676,-515.23079,266.9861,507.09469,-434.92355,227.00926,323.45528,-420.21034,217.97615,146.65562,-490.53268,151.40426,75.02872,-555.97332,169.63625,54.59541,-356.98708,30.02213,679.77028,-537.35703,-37.32036,498.7183,-448.2793,37.66692,325.62321,-572.10861,50.79527,281.43179,-751.25313,124.64506,286.29246,-797.1756,52.51956,116.98462,-727.76733
78,2.577,221.06209,1645.55008,-253.70745,50.43866,1637.9364,-257.54005,238.35205,1617.52365,-401.23348,43.64755,1611.32736,-407.98527,220.96199,1405.01373,-296.71217,72.9217,1396.92886,-287.93795,207.18454,1457.94006,-439.61262,57.24089,1451.1525,-433.32676,142.62053,1287.0253,-494.52995,147.6348,1331.28448,-257.80506,142.73349,1226.87881,-245.44491,343.4705,1431.28647,-359.18587,404.72481,1258.61092,-402.21909,430.60684,1118.79417,-422.78419,431.84048,977.30736,-412.41947,368.62808,842.04102,-303.6684,408.88317,815.55473,-375.61771,420.00107,790.3434,-310.88736,-49.4554,1435.06821,-355.04787,-120.71137,1249.13406,-383.84262,-149.32935,1114.50813,-424.11896,-159.4516,1012.36542,-438.49079,-112.78228,837.45277,-344.27227,-155.79861,829.5208,-419.29443,-173.59766,794.47441,-367.55016,249.79692,987.70935,-314.31324,15.01722,976.50826,-337.4453,234.84121,1015.42336,-514.12117,59.65693,1008.23357,-519.25747,281.30737,718.38936,-484.01909,264.8525,515.131,-427.23122,227.09171,332.10304,-416.22082,219.78691,155.73984,-487.73048,153.19841,84.198,-553.33218,170.64466,55.02783,-355.78373,16.14625,687.59178,-454.85691,-36.40942,515.56004,-336.4941,38.46215,322.71648,-437.06184,44.898,248.00264,-606.82541,118.97632,242.30263,-657.40532,44.38377,96.7393,-547.38762
79,2.61,214.83511,1647.19513,-193.58202,44.22187,1637.65533,-199.5998,234.32087,1621.99738,-341.33209,39.73651,1613.72879,-350.55595,215.43032,1411.92215,-242.27575,69.41439,1402.49329,-234.92786,207.52102,1460.56061,-382.78885,58.07207,1452.94525,-378.56102,145.56605,1289.19586,-438.69724,143.62285,1336.02264,-202.36328,139.90849,1231.48148,-190.0181,340.70595,1436.83655,-298.38184,405.45605,1264.25636,-328.66451,433.79875,1121.95862,-341.33678,428.17902,980.95444,-313.87009,349.92241,864.26018,-192.60921,392.40929,827.043,-257.4622,398.0114,808.95264,-190.31347,-50.90928,1436.89056,-304.0218,-120.96223,1252.53922,-343.33473,-146.86249,1120.33371,-391.81751,-156.91602,1019.85748,-413.57826,-119.08598,838.17398,-328.63605,-156.48181,836.02097,-407.43645,-178.23849,797.59262,-359.59682,255.18553,988.23044,-261.11029,19.36603,980.65201,-272.38674,227.24604,1017.05032,-459.10484,53.25945,1009.04556,-455.90836,276.66088,728.70117,-451.94336,264.23656,520.60719,-414.88293,228.16381,337.69718,-409.69246,221.84729,163.01033,-484.67136,155.23702,92.8393,-551.1956,172.52735,55.60932,-355.19119,1.76658,689.62502,-377.11887,-31.87782,527.5359,-235.64756,38.70003,315.17727,-302.18124,35.87307,204.86593,-451.76704,108.16473,187.0332,-504.35131,35.68014,75.031,-358.97911
80,2.643,209.42453,1639.52026,-133.59142,38.88022,1628.8295,-141.10476,230.17405,1616.58401,-281.56267,35.89126,1607.32376,-292.46458,211.52796,1406.32889,-185.64789,66.62814,1395.3186,-181.76588,207.52331,1454.53796,-325.89584,58.06293,1445.63599,-323.38936,146.90774,1282.61734,-382.02724,140.69142,1329.88571,-146.80341,138.58401,1225.19516,-135.09147,337.94857,1432.94861,-237.96162,408.00205,1259.29138,-256.82669,437.9018,1117.19757,-257.30831,425.14942,979.16771,-213.9082,331.90208,883.00224,-84.96268,376.51981,835.56358,-141.33723,375.56076,825.28542,-72.47077,-52.26477,1429.99451,-251.0158,-121.86727,1248.56972,-301.19947,-145.63588,1119.50592,-357.0702,-155.70899,1020.64499,-385.21317,-124.57188,833.42293,-309.96675,-157.6205,836.72058,-390.93246,-181.99451,795.39444,-347.05421,259.09824,980.27863,-208.79097,22.56249,975.10674,-208.40025,219.874,1010.18425,-405.29713,46.76056,1002.67662,-392.58358,271.42502,730.75645,-414.38267,262.12605,519.20319,-390.12894,226.23888,337.30545,-395.24521,219.99985,166.33598,-478.79967,153.17203,98.65387,-548.21697,171.68909,54.70779,-354.67438,-8.519,687.34306,-298.75412,-26.65468,529.61658,-146.92053,36.70777,304.24149,-170.30882,23.08566,161.21925,-288.48097,92.25683,128.58021,-339.50756,27.4327,62.20319,-164.19975
81,2.677,204.60968,1624.89441,-73.48767,34.26615,1612.9866,-81.99162,226.6251,1603.69797,-221.82468,32.35048,1592.95853,-233.58727,209.14255,1390.59418,-127.1505,63.5385,1377.20322,-123.70831,206.90979,1440.34958,-268.29191,57.14327,1430.58289,-266.59189,146.87585,1268.33717,-325.96542,138.73467,1313.6322,-90.78551,138.10304,1208.86299,-80.03748,335.50495,1419.599,-177.69142,409.99462,1246.22116,-183.47645,442.15626,1104.92836,-171.00826,421.95229,972.43851,-113.51123,314.60075,896.64894,17.84265,361.77288,840.75073,-28.01001,354.12106,839.51851,41.46435,-53.45731,1413.96057,-195.3632,-123.23758,1236.2384,-255.58939,-145.90101,1110.78484,-318.5985,-156.06877,1013.81599,-352.57584,-129.09821,822.13638,-287.70687,-159.29473,830.52429,-369.85439,-185.35816,786.89346,-329.26399,260.6431,968.24776,-157.60383,24.89612,960.56404,-145.10968,210.54543,997.86331,-352.341,38.49851,988.19534,-330.15984,265.48361,727.50313,-373.31284,259.4434,514.0786,-358.89149,222.37333,332.76432,-375.2887,215.55634,167.85856,-470.63942,147.79452,104.53683,-544.81255,169.79176,53.95903,-353.77262,-10.75797,679.42627,-221.5793,-22.44842,521.17672,-69.23281,32.12371,294.335,-43.35503,7.587,126.25864,-117.24769,72.94632,77.20382,-162.44244,20.15384,66.54215,28.99431
82,2.71,200.10078,1607.14935,-12.51423,30.24974,1593.09357,-22.58818,223.44645,1586.39877,-160.5909,29.4085,1573.09311,-173.83575,208.09185,1367.58896,-66.13618,60.71984,1353.84872,-64.29732,206.16951,1423.02689,-206.76283,55.17865,1410.87265,-206.97735,146.14618,1249.72427,-270.44714,137.26927,1290.91034,-32.04564,137.57353,1186.1113,-22.41852,333.16769,1399.90265,-115.88758,409.37954,1227.38464,-108.12624,444.42078,1088.29018,-83.49657,417.83661,963.80203,-13.76027,298.87629,905.2462,115.24236,348.7294,843.10684,81.11321,335.61363,851.75407,149.29869,-55.54549,1391.11511,-136.48642,-125.06514,1216.00487,-204.80944,-147.54358,1094.61914,-274.55515,-157.92589,1000.52406,-313.77941,-132.16093,805.35141,-261.00077,-162.15595,818.63541,-342.53654,-188.50914,772.92397,-304.79548,261.96487,953.5537,-103.16673,27.59365,940.35858,-81.33075,198.95668,982.17133,-297.12696,28.27937,966.8782,-267.15891,257.38251,724.44496,-330.74455,258.96393,510.72029,-331.1356,222.22431,329.48406,-357.72778,212.20102,171.80504,-464.08081,143.31085,112.46584,-540.92125,168.96809,53.49621,-353.73493,-0.88284,657.52235,-153.59128,-17.75414,503.61713,-0.04183,29.18701,292.36105,77.02269,-3.88806,112.26006,50.8951,58.43028,51.7652,18.1319,9.86512,90.58958,208.38482
83,2.743,195.53537,1589.40155,49.77887,25.99485,1574.63623,38.44452,220.00122,1567.18002,-97.88854,26.07611,1552.97928,-112.35037,207.76171,1341.05011,-2.23809,57.29232,1329.02725,-2.40787,202.68328,1404.38507,-145.06465,51.71465,1391.97769,-145.44808,143.08043,1230.9803,-210.66801,134.76665,1267.40784,30.21982,135.41698,1162.87216,39.44485,329.79294,1381.63513,-53.15437,405.58979,1210.59776,-34.83895,442.28111,1075.42984,2.52123,412.68227,956.92688,79.88796,286.50595,908.37334,204.75512,339.51412,844.40514,181.76262,322.03449,861.0743,247.4543,-59.13482,1369.31046,-75.27284,-126.9323,1194.57664,-148.65175,-149.21989,1075.50995,-220.86897,-159.80676,986.00754,-265.08009,-134.02281,788.19153,-226.17706,-166.14111,806.32042,-306.01751,-191.55617,758.42438,-270.09811,259.86238,937.69531,-44.98008,27.29577,920.70961,-16.33305,190.57549,964.06715,-237.11071,20.38411,944.98917,-203.03284,250.22474,720.6031,-282.69043,258.25434,506.92951,-298.6878,222.38136,326.78925,-336.53786,212.42624,177.34802,-454.40189,143.73414,123.76616,-535.56374,168.97783,53.31382,-353.3329,3.33949,629.86469,-95.96222,-17.52352,482.59029,71.36509,28.14047,298.13147,183.9625,-7.8351,117.16988,194.54651,54.78934,51.89849,172.48476,7.13355,120.30706,355.99705
84,2.777,190.50262,1573.92227,113.42335,21.06917,1560.02289,101.62969,215.36625,1549.8085,-33.79731,21.44594,1536.61575,-48.87602,201.77137,1326.44791,63.18288,52.58166,1312.45041,61.52738,198.91623,1389.89838,-78.95236,48.33516,1376.23016,-81.34068,141.90945,1215.90828,-145.40853,130.0424,1250.40764,94.73823,130.95484,1145.83847,103.23942,323.51208,1369.31534,15.98929,399.9744,1199.29749,36.47549,437.96177,1068.44772,80.78654,408.15418,952.50664,163.25672,278.65843,908.35922,286.4208,333.93478,844.50249,269.71457,314.30962,866.07819,333.46085,-63.07254,1352.85843,-13.43751,-127.7211,1178.95325,-87.82805,-149.57705,1059.87198,-160.63889,-160.70187,973.45009,-207.73283,-135.83786,773.78059,-178.06452,-170.40861,795.52956,-255.83591,-194.92527,746.18622,-220.44365,255.15835,923.74664,17.50772,23.18337,907.1904,48.26289,184.7925,947.43401,-174.39793,14.66969,927.92839,-139.20207,248.42762,716.24435,-226.87014,260.11641,503.24871,-254.96592,224.79572,324.88873,-306.32441,215.55077,186.9326,-437.83356,147.98627,141.8272,-523.98506,169.35915,53.04583,-350.78278,-3.98513,617.52853,-20.877,-18.10944,475.4948,147.64004,27.3926,296.79293,270.74644,-5.21505,115.7202,292.28846,58.88073,50.4221,275.04347,13.23925,128.24094,455.84732
85,2.81,184.31889,1565.09308,178.52776,14.97483,1551.59698,166.73201,209.63718,1538.17169,32.03589,15.85001,1525.42252,16.26029,194.79443,1316.81641,133.32186,45.79489,1302.1225,129.07023,194.29777,1381.05164,-8.21901,43.74782,1365.95673,-13.27341,139.92523,1206.66458,-76.3843,122.85052,1240.32471,163.26536,124.47491,1135.70328,170.90633,316.42391,1361.70074,88.93923,394.26945,1192.57889,110.89828,434.2799,1062.36855,152.15948,404.12971,946.99631,235.98848,275.19888,904.84711,360.42171,329.83597,840.63576,343.41099,312.35229,863.70796,407.29305,-68.77137,1341.59332,52.56991,-130.50262,1167.01675,-24.04619,-150.7133,1048.5022,-96.63996,-160.87635,962.00729,-143.59034,-139.89461,762.39693,-112.56102,-171.90226,784.04518,-191.54449,-198.42573,735.47874,-155.83933,252.10451,914.14627,85.99904,19.44103,902.08374,118.03336,179.76686,935.23079,-105.86145,10.1213,919.37752,-70.02711,244.57975,708.69392,-159.9444,262.35718,496.77483,-193.08735,228.24228,322.71526,-261.92703,220.02735,200.85133,-409.1375,153.19242,168.99548,-499.56589,169.64073,51.96573,-345.72224,-7.85762,614.28932,61.79381,-18.61493,476.83014,232.06669,35.06524,282.41772,338.6628,5.77034,99.15302,342.77157,70.41914,36.53676,317.8475,25.89017,99.17764,503.94497
86,2.843,177.41831,1562.28149,244.16615,8.09169,1550.76233,233.19794,202.068,1531.34201,98.75772,8.49229,1520.54886,83.45105,187.26292,1313.39081,206.18586,37.71302,1297.47437,200.09233,186.73843,1376.64978,62.45914,37.31424,1360.07996,56.24092,135.37568,1200.48004,-3.44911,115.03021,1236.9873,235.95526,117.52799,1132.51976,244.68752,309.15699,1358.56873,160.77587,388.8092,1190.13306,181.73655,431.01471,1057.96967,216.73307,401.63521,940.89088,298.06782,275.91734,897.36588,424.8864,328.05595,832.07069,403.30803,314.79807,853.93166,468.62843,-75.92794,1335.6369,121.12054,-135.08657,1159.92805,44.77185,-153.8835,1041.16409,-26.74175,-162.45415,952.59651,-71.74822,-145.99454,754.6843,-31.26816,-171.25872,772.49046,-113.67132,-201.9874,726.7688,-77.7742,249.51624,906.62727,160.0568,17.59745,905.60417,192.08622,175.93884,927.81334,-31.9739,4.1811,918.6277,3.6369,236.2533,697.66891,-81.61467,268.10545,488.65112,-116.20778,235.9243,320.26947,-202.50671,223.4301,218.3993,-364.53613,151.15627,200.64133,-449.52919,170.09354,48.45178,-335.51891,-12.13482,615.58582,138.96731,-21.67226,477.70546,309.78008,39.87719,274.47319,397.85316,12.4259,96.08642,373.26637,71.99858,43.5815,335.51609,37.9767,54.04002,535.18921
87,2.877,171.27352,1565.55069,309.67585,1.67688,1556.61835,299.69032,194.68779,1530.05005,165.17147,0.93781,1522.33475,150.83638,179.83521,1317.77588,278.30935,31.97001,1299.34296,270.84824,182.00859,1380.90103,135.56529,31.24318,1362.28683,127.43925,132.07283,1205.11208,68.52812,108.98843,1239.84085,307.70271,111.8645,1135.51224,317.63613,303.60857,1361.9162,234.9864,384.62517,1192.52174,245.18173,427.80613,1058.46092,273.25676,400.9729,936.71707,348.65238,280.17567,885.3112,476.60942,330.50404,820.88707,448.76003,320.79487,838.99902,515.92701,-81.9373,1335.57281,192.05397,-140.07223,1158.09059,119.08237,-157.89915,1037.15096,49.80266,-165.37336,945.81818,8.86411,-151.33082,750.98183,62.05978,-171.70811,763.09914,-23.03147,-205.41145,720.39299,13.9347,243.7545,904.23882,234.51958,10.59236,916.07216,259.97454,180.53244,923.26538,40.01864,7.13409,926.14082,69.8672,230.89418,680.03738,4.79456,274.57802,474.26636,-15.95439,245.53259,318.6636,-121.86705,223.03822,241.39223,-295.37962,146.19222,240.80563,-369.81346,170.96636,59.03063,-312.36256,-22.7322,626.483,208.82372,-27.79546,493.41938,386.22746,37.63256,272.51692,439.04503,13.22939,98.46256,389.49661,71.35357,47.73096,339.92783,43.79291,45.92142,542.60567
88,2.91,167.10011,1573.41156,373.68858,-2.56051,1564.70367,364.8695,189.56003,1536.87271,229.22821,-4.27238,1529.49188,216.16657,178.08048,1324.63303,344.38648,30.04907,1306.42365,338.15987,178.95344,1388.73825,200.64852,28.03522,1368.67691,193.74578,131.59007,1211.59775,134.85684,107.42773,1247.36862,374.77612,110.35438,1143.17368,385.42389,300.92783,1369.68964,300.58506,381.83662,1199.98131,306.69779,425.4142,1064.01466,325.50392,402.309,935.58945,390.00816,286.00384,869.13223,514.60876,336.1187,808.72604,478.87802,329.3634,820.39307,547.80487,-84.59251,1341.9574,259.97168,-142.78996,1160.80711,197.83907,-162.83131,1036.32042,133.28621,-170.21946,942.19803,97.92405,-154.00828,751.65611,164.88972,-175.95596,757.76749,79.34106,-208.45739,717.45979,119.80185,235.95638,907.9863,305.50934,2.11016,927.2242,324.56387,180.9491,924.99245,108.2506,6.40269,934.62112,134.0625,230.82367,660.05783,96.41378,277.80615,459.07631,101.89005,246.28069,318.33054,-13.95685,219.04976,267.13724,-196.51112,132.23948,274.80587,-251.25584,193.84682,89.49499,-263.66196,-26.17342,632.33082,262.87586,-35.63301,482.79667,426.01341,36.94191,265.9079,462.08382,14.60391,96.96904,394.08478,71.52282,50.39664,340.67127,46.65132,44.86398,543.45795
89,2.943,166.58049,1588.15201,434.98199,-3.13691,1578.91647,428.17867,187.36433,1553.04886,289.87572,-6.61756,1545.10452,279.1477,180.58605,1340.28976,404.93408,32.25761,1321.13556,402.04712,177.08652,1401.48483,260.04454,25.85955,1381.57242,256.9426,127.02182,1223.56293,198.67746,110.81923,1262.76291,437.62558,113.9676,1158.6673,448.73291,304.07198,1382.78046,355.7954,381.05438,1211.17599,358.40153,421.81866,1073.02902,371.02081,405.06081,939.42535,422.36324,294.60632,853.47916,541.01654,347.53395,800.75569,497.83768,339.55303,802.17415,567.29359,-85.43015,1355.10864,326.02676,-144.4464,1169.74045,274.95016,-166.57463,1040.79666,220.80042,-174.64586,944.12422,193.15599,-154.61088,759.51439,275.04984,-180.50934,759.05907,190.43129,-210.80738,722.00874,235.50333,230.13544,919.97765,372.21622,-4.15307,940.05165,386.76266,179.11104,937.18239,173.43355,4.66497,952.49565,197.27364,229.77444,653.81111,190.41883,278.90621,458.99792,223.63693,244.14392,327.59266,104.53321,213.54525,292.60393,-83.2583,128.3201,298.49661,-148.51541,196.35214,114.38797,-137.14465,-30.71712,644.13765,301.28908,-34.08769,485.82157,455.00256,36.05223,261.53353,475.21847,16.53419,97.64878,400.24506,72.5013,52.46553,341.41285,47.99973,44.47019,543.73558
90,2.977,169.57026,1606.16531,493.97957,-0.26595,1596.84402,490.09903,187.80733,1573.31924,347.99511,-6.33128,1565.25726,340.63381,184.21534,1360.02869,462.70363,35.30015,1341.66611,463.6459,176.00769,1417.5383,317.08113,24.82396,1399.10919,317.79476,122.78407,1239.21745,259.86917,114.44865,1283.21243,498.02879,116.80316,1179.25285,510.68138,307.33713,1398.96591,408.39882,382.61856,1223.9933,397.84901,417.75139,1084.99382,407.95433,408.54919,948.37738,446.75476,307.12345,841.53778,557.55657,363.23223,799.08913,507.91599,353.27065,788.45116,576.2664,-84.92165,1374.24362,389.74537,-144.68117,1184.77524,354.07551,-168.29363,1051.58676,310.94137,-176.98416,952.57919,292.21766,-153.00669,775.70869,389.74255,-181.91813,768.19466,306.74997,-210.99474,735.80482,355.58369,225.82777,939.50676,435.74898,-9.61694,954.14536,446.87527,177.5625,956.45798,236.70225,3.56467,972.31148,258.33685,229.87118,658.55186,283.18045,276.52861,472.39052,344.49814,242.96568,335.81623,234.93462,216.10548,294.72347,49.24151,134.29182,300.25509,-26.50031,191.5962,117.28954,13.34629,-33.29374,659.87442,339.90101,-32.56293,483.26218,470.61947,38.15892,261.49084,480.54935,15.409,99.63074,399.6627,71.99615,54.72127,341.87645,48.5381,44.28194,544.10671
91,3.01,174.80862,1622.17514,552.00153,4.79298,1613.92944,551.05812,190.27378,1591.28082,405.14912,-4.14686,1584.32556,401.31393,186.72785,1378.5611,519.84062,38.02985,1362.92297,524.20044,174.79063,1432.29034,373.49205,24.03398,1416.15234,377.88288,117.47898,1254.78722,320.48729,116.75457,1303.13873,557.71545,117.52363,1199.18686,571.29444,309.00549,1413.93204,461.21471,380.40726,1238.85826,441.76445,412.54509,1099.12094,441.70044,411.32652,960.14435,466.36368,322.31133,833.40668,568.0888,379.1753,802.38144,510.69965,371.52069,780.40329,576.95793,-84.22346,1394.43085,452.35065,-145.08337,1203.0574,433.16563,-170.09853,1066.21277,401.84597,-178.73058,964.96452,393.18554,-149.34408,798.59879,506.86195,-180.80713,782.95029,426.08925,-208.17924,755.44106,478.64494,222.35962,958.60802,498.17104,-14.55354,964.88823,505.0436,179.04934,972.95593,299.07791,5.34498,989.2894,318.24886,233.33336,672.25937,372.64408,274.61086,490.70393,461.29463,238.00304,341.57555,367.34035,214.37725,277.99381,186.61535,134.90822,274.46049,103.50334,186.443,104.00919,185.0396,-28.61073,674.36844,364.37157,-29.36035,486.17691,477.34184,38.43858,263.59125,482.03224,15.35665,101.68692,401.15223,72.7631,56.89397,342.74979,48.26338,44.32624,544.64638
92,3.043,180.84505,1631.15189,609.61426,10.70537,1625.06805,611.78459,193.39319,1601.65924,462.16934,-1.31089,1597.13013,461.9072,188.46661,1392.5531,575.66784,41.38165,1379.24576,583.8398,172.55074,1441.21689,429.865,22.56876,1427.27234,437.93304,111.59049,1264.71603,381.19411,119.36626,1317.71881,616.72272,118.67864,1213.70773,631.01177,309.29848,1423.67157,513.64578,377.03175,1250.3434,486.48525,407.60696,1109.85786,476.06667,413.30288,970.57907,484.90215,339.0258,826.57089,575.43613,392.67471,806.94489,510.62172,391.77826,776.11359,573.67252,-83.03187,1409.89365,515.34832,-146.24075,1219.18152,512.05772,-173.28516,1079.8999,491.28059,-181.48918,976.41487,493.93589,-144.44208,824.32686,624.90067,-179.11369,799.44244,547.68276,-203.18136,777.06375,604.28448,217.65781,971.45424,561.73908,-20.91231,968.41843,561.13453,183.32493,984.10301,363.50849,9.62156,998.88573,376.55807,242.90689,684.70856,456.66794,273.44387,510.31231,569.98051,234.02519,344.46056,499.24461,212.0116,249.41256,331.367,132.39165,227.98885,246.37802,185.58191,85.47339,369.66835,-24.55927,689.97169,393.70201,-26.34263,488.79177,478.022,39.77632,266.75917,481.68766,15.40751,104.82174,400.35244,73.76957,59.40029,343.46367,47.95573,44.5995,544.84623
93,3.077,186.74488,1630.97061,667.27425,16.58128,1627.40723,672.75719,196.0939,1602.61475,519.32465,1.33935,1601.01395,522.78149,189.74285,1397.52274,630.65701,44.93704,1386.25458,642.27158,169.98461,1442.0137,486.46523,20.74612,1429.88663,498.22739,106.09252,1266.13197,441.15414,121.62535,1322.69989,675.48843,119.32659,1218.83652,690.58044,308.8188,1424.64661,566.54846,375.50426,1253.14911,529.23935,403.9098,1113.62503,510.93056,415.30693,976.29471,504.84222,355.3009,818.50822,583.03772,404.62814,809.84276,512.66216,410.50087,771.86859,570.98049,-81.24958,1416.80008,578.13637,-148.5577,1228.68134,589.5887,-178.93291,1087.9187,579.23313,-186.28803,983.44818,595.15327,-138.31673,849.48013,741.87279,-177.15364,814.70406,670.86372,-196.88112,798.8765,731.22086,211.5299,974.50867,625.9473,-27.09796,964.0728,616.17085,187.91597,987.27013,427.65392,14.3818,999.34059,433.38829,253.89044,691.70822,538.2317,272.26591,523.4734,667.30431,233.0987,342.57561,626.97399,212.31325,213.01733,483.28239,132.43724,171.76773,403.54092,187.74858,68.14404,560.38174,-12.50255,698.29681,420.33092,-22.35887,491.05202,482.1801,41.34257,270.68424,484.26517,18.43255,110.02513,400.74825,77.84768,65.61716,344.79527,47.60828,44.47119,544.58664
94,3.11,192.07607,1622.53784,725.3698,21.94896,1621.66519,734.20403,198.07241,1594.534,577.20917,3.53137,1596.06781,584.34917,191.65367,1390.26062,688.32275,46.70237,1381.37131,701.40121,168.21899,1433.99261,544.16218,19.49902,1422.74139,557.73346,102.72704,1258.61168,500.25269,122.84542,1316.43463,734.26949,119.1397,1212.57164,749.3734,308.6552,1415.8371,621.48384,373.94463,1245.73219,573.34328,401.0149,1109.09409,545.43713,417.46288,975.46524,526.99364,370.23628,807.47307,592.04781,415.11631,808.80646,518.67836,426.59149,765.24399,571.81549,-79.47495,1413.08868,639.25152,-152.27898,1229.048,665.88402,-186.61753,1088.29666,667.05574,-192.23913,984.76669,696.92215,-130.95856,871.88179,856.05392,-174.64607,827.7594,793.79227,-189.43405,820.09949,857.01035,205.96697,967.11754,689.47739,-31.42908,954.7081,666.57082,193.83463,980.45547,490.81711,20.89111,993.10287,487.8846,263.65398,690.50095,618.04462,269.84995,525.61684,754.29993,233.75082,337.76295,748.17093,215.98392,177.10564,641.3031,138.28459,114.54844,574.07909,194.91785,60.19959,754.20059,-2.86935,706.00868,456.14147,-18.30869,492.31133,504.06567,45.81605,271.53128,495.6662,26.00715,114.85609,403.4441,87.28651,72.42313,348.42289,50.11455,43.7324,545.40607
95,3.143,196.82707,1608.10028,784.55704,26.83517,1609.65912,796.83075,199.41235,1579.28467,636.48827,4.90474,1583.68973,647.46185,193.65278,1371.81732,749.59457,46.99022,1365.24002,763.0069,168.2308,1420.4187,605.49709,18.51274,1410.50537,619.75552,101.34656,1246.67725,557.91386,123.18005,1300.07385,793.42659,118.16121,1196.16753,807.52838,309.31343,1398.58322,679.78317,372.28058,1231.89865,618.72993,399.73709,1098.07678,582.41463,419.53815,968.55141,552.65263,383.16792,793.41476,604.53297,423.25489,803.37769,528.98773,439.6191,755.76866,577.07184,-78.93128,1400.1857,701.41617,-155.41661,1220.51605,740.36354,-194.3465,1081.50497,755.04623,-197.32996,981.30539,797.63229,-123.27726,891.2606,965.47829,-171.3028,838.96362,913.58009,-181.43845,840.5661,978.10089,201.12171,951.95778,754.76006,-34.06556,944.16573,718.20389,202.84769,967.78282,554.70989,30.13103,982.66327,541.76044,263.39384,680.1973,691.51207,265.9923,519.74422,829.8632,237.17649,333.58124,861.88972,222.97625,151.13949,801.41533,145.51928,71.09843,756.03607,209.41572,67.66244,942.43874,3.23625,702.48146,498.76316,-13.7769,486.76357,533.61374,50.13692,268.73676,510.93647,31.71646,117.78576,409.63852,94.59516,78.42833,352.12738,51.65464,43.46224,545.80086
96,3.177,201.50488,1590.33096,845.14938,31.90364,1593.53622,861.01715,200.60713,1560.85098,697.27333,6.63842,1567.2168,712.24022,196.41453,1349.09592,811.26663,47.37403,1342.26563,826.36307,169.32978,1404.56238,670.0177,18.37251,1395.05112,683.00377,101.93488,1231.67358,616.17401,124.04831,1278.56377,854.26033,118.36055,1174.38477,867.40509,311.0799,1377.84531,740.39795,371.62094,1212.59727,668.29933,399.24332,1083.1987,625.44575,421.03489,959.23691,584.14127,393.28732,779.07272,621.69754,429.03412,797.127,545.3738,449.36562,746.33606,588.09925,-77.81777,1382.88666,766.05209,-156.98623,1206.74759,813.79807,-199.81386,1071.67236,840.19997,-200.28248,976.76666,893.35098,-116.38613,909.46869,1066.79237,-167.37955,850.70679,1025.32677,-173.77489,861.3166,1089.53362,196.84725,934.44328,820.19402,-34.4491,931.40526,772.22855,212.74679,949.61731,620.37437,40.25362,968.11607,598.75854,256.34048,660.5748,755.71587,264.09792,505.31536,903.63098,238.82317,331.1845,971.31592,231.01536,140.21652,955.18143,155.37554,50.46202,928.23288,219.11259,89.76001,1111.64177,15.21957,700.48615,542.5399,-13.87763,486.50906,557.94193,49.41144,268.25912,525.33596,32.99899,124.41659,413.76366,96.56929,87.97706,355.59231,51.80941,43.2184,545.2644
97,3.21,206.79401,1573.01926,907.5,37.59025,1576.43448,927.03079,202.72867,1542.8598,759.80438,9.25429,1549.30603,778.90007,199.38078,1328.99597,874.31953,49.65192,1320.90256,890.34149,170.88152,1388.16116,733.29628,19.84963,1379.63715,747.31033,102.76937,1215.36415,677.67838,126.72901,1257.77344,916.70692,121.36536,1153.95737,929.91676,313.60508,1359.40414,802.01157,371.1293,1195.66147,723.62511,398.43952,1069.47571,675.87158,421.11023,950.82764,625.92152,399.6064,767.05124,648.69156,433.86536,793.76358,573.87157,455.28294,738.98521,610.26703,-74.02326,1367.70538,832.47528,-155.90154,1194.92943,884.01352,-202.1542,1063.18985,916.11053,-200.2879,972.68188,978.51181,-112.03987,926.39648,1156.21841,-162.13982,862.03743,1122.92847,-168.40113,880.78293,1185.60242,196.97985,917.17003,886.57814,-32.01904,917.82845,831.55785,221.08706,927.51259,685.77499,48.77534,951.00632,660.13901,258.11319,637.68341,821.89346,262.75518,489.72084,977.47444,240.60883,330.84572,1068.72116,238.47528,140.23807,1083.37425,167.72585,44.16481,1068.80249,218.56936,113.46476,1247.43515,21.74655,701.99875,596.45344,-14.89722,484.78088,592.07237,47.12348,268.17408,544.72759,30.89075,133.56695,421.68941,94.15609,101.88106,361.10275,51.4986,42.88638,545.37373
98,3.243,213.2955,1559.60449,971.67618,44.61465,1562.91428,994.65691,206.28193,1528.65723,824.2968,13.34003,1534.92676,847.23602,203.8447,1314.71619,939.64859,53.8818,1306.41953,956.76224,174.43125,1374.53506,799.42696,23.36271,1368.19519,814.24629,103.82113,1203.02696,742.9467,131.06611,1243.53531,982.09023,125.81334,1139.86679,995.79994,317.59829,1344.59976,865.8757,371.99867,1182.65343,782.13501,398.61713,1058.16223,731.19057,421.48197,942.35695,677.39769,402.56668,756.33636,690.3083,437.09526,790.93422,618.48465,457.23511,731.71883,648.0574,-69.05562,1356.52588,900.98015,-152.87837,1184.5829,951.96754,-201.47997,1053.48,983.21838,-197.36755,966.53229,1051.56227,-110.66968,938.33862,1232.7179,-155.25822,867.86545,1204.53926,-165.24422,892.56538,1264.76295,198.29668,904.63173,954.6846,-29.67628,904.89166,896.96182,226.99066,911.18446,754.33594,55.10008,936.21887,726.18614,260.05383,624.71981,896.29601,262.58972,478.95748,1049.3689,239.62603,326.93989,1150.09079,240.16312,138.47492,1176.16905,171.50141,39.41745,1164.64935,215.8563,118.87444,1341.39328,24.10567,693.80981,655.08858,-16.61741,480.1173,642.34978,45.25235,267.87971,574.6529,28.18937,147.44927,437.17197,90.76489,123.7876,373.80154,51.09285,42.47092,548.00835
99,3.277,221.0705,1552.08954,1037.45132,52.74267,1554.50974,1063.22739,211.85776,1520.15991,890.43633,19.29678,1525.41168,916.56387,210.26291,1305.85632,1007.93816,60.20369,1300.30884,1026.27235,179.99775,1365.13718,867.84355,29.45419,1360.22156,882.59438,107.54728,1193.34206,813.99117,137.18323,1236.18256,1051.51382,130.75856,1132.59926,1065.76195,323.11256,1333.90945,932.96036,375.3487,1172.56554,846.35033,400.67829,1049.31274,793.97125,422.67132,934.37454,738.6245,403.8768,747.43118,748.05092,438.40298,785.67322,677.99339,456.58356,723.94646,702.61726,-63.6275,1350.37201,969.17473,-148.72588,1177.65816,1016.14517,-197.88931,1044.43497,1042.23816,-192.68309,958.64929,1112.33551,-111.67428,941.25023,1296.36749,-148.24082,865.62752,1269.68727,-164.54563,892.67975,1327.9303,202.1674,899.74998,1027.69501,-26.35949,893.34557,972.68204,229.82443,907.76428,827.60033,57.19865,926.5625,801.86157,266.92879,624.39491,974.58794,265.66135,474.26891,1125.85579,238.92506,312.81061,1216.84364,233.26942,122.23597,1228.70193,162.18048,32.77904,1210.34241,207.75213,89.06241,1393.47519,27.82767,686.38947,732.29027,-20.51654,473.50685,711.26038,42.19845,268.61713,618.41251,25.92808,168.35022,465.31219,89.00747,156.04099,400.89611,51.23038,40.86713,552.22809
100,3.31,228.5371,1552.47269,1104.04907,60.38235,1552.73224,1130.86021,218.86971,1518.15292,957.6474,26.47848,1520.77057,984.90936,217.54841,1302.15012,1078.13919,67.09977,1299.39453,1098.28102,186.94302,1362.53265,938.04916,36.90461,1358.73093,953.52409,112.51768,1189.10301,887.2802,143.95571,1234.17526,1123.11539,136.35015,1130.95032,1138.73169,330.04478,1327.8653,1001.84937,380.64407,1166.4547,917.248,403.92586,1042.03079,863.79822,424.54536,926.81259,809.28513,406.80908,740.96016,822.63298,438.64391,777.63107,750.12894,455.53455,715.16708,773.97141,-57.78386,1349.75204,1040.40771,-143.70053,1173.4906,1076.45493,-192.66178,1038.67661,1094.13719,-187.77039,951.31912,1162.76184,-112.01138,933.30482,1348.71124,-144.2211,856.474,1319.42261,-163.73747,881.38687,1377.29477,208.55877,906.90796,1098.07022,-20.65299,883.1427,1051.79237,230.44725,911.53046,896.75095,53.9015,919.05556,877.12822,271.71951,631.95515,1048.46359,273.52564,485.40623,1201.89919,237.98351,315.73395,1280.07294,236.91353,126.9353,1264.56947,168.63796,42.547,1221.80382,199.21656,51.37816,1418.26279,32.83686,668.60909,818.41354,-28.80649,458.96385,802.28165,33.31186,266.86264,683.3699,23.00248,191.97351,514.68056,88.5706,192.25735,458.20503,50.31644,36.95034,560.29705
101,3.343,234.05607,1557.6445,1170.15495,66.00649,1555.69244,1196.01654,225.81707,1520.20737,1024.48593,33.21544,1520.22247,1050.78224,222.61972,1302.02911,1146.62086,73.61567,1302.80518,1167.45956,191.78692,1364.98962,1006.27548,40.30206,1363.91556,1024.97452,112.77109,1195.737,957.04597,149.47224,1236.9735,1192.40135,141.60994,1133.99773,1209.61945,334.81441,1328.32703,1070.41359,384.25404,1165.3672,990.90019,407.03205,1039.43573,938.01041,425.74787,921.1116,887.36969,408.32066,736.20743,911.65077,437.08649,768.30002,835.81146,455.18414,707.48398,862.99751,-52.82424,1354.52133,1115.12093,-138.65152,1174.87297,1135.80643,-186.10788,1038.4922,1140.03212,-182.32084,946.42471,1203.40378,-111.02198,914.9823,1389.5459,-142.05228,840.69649,1353.24738,-163.56153,861.08688,1412.49649,216.53704,918.59238,1164.00604,-11.847,877.92061,1125.18272,222.70735,920.16602,959.29054,46.83575,912.92282,947.24258,288.40845,644.69398,1114.10675,284.0119,492.20284,1264.08058,247.1006,312.06228,1320.93704,238.29029,123.20387,1281.66946,168.42722,46.86299,1227.65755,198.30751,42.70415,1425.8284,32.29827,641.46576,909.54597,-36.44746,437.51934,912.94724,27.54516,264.0695,772.91985,24.25762,217.74494,594.08176,93.86667,235.62765,549.77379,47.16014,52.12789,589.34742
102,3.377,236.45021,1566.77475,1234.97688,67.98445,1566.05576,1257.62642,230.90027,1528.7735,1089.57054,37.74342,1530.11688,1111.99783,224.18612,1311.99493,1210.53062,74.81574,1312.1933,1231.24039,194.65946,1373.1955,1069.69826,42.76831,1374.08859,1088.53233,112.97288,1203.12355,1020.32135,150.03292,1245.74806,1256.99471,141.03977,1142.83203,1273.49045,337.24995,1335.69855,1133.461,386.28674,1169.2276,1060.41504,409.69143,1040.84373,1012.59468,426.98967,917.29568,971.43974,407.84615,736.08574,1013.36464,434.57779,759.18938,934.23988,455.15205,702.89436,968.25478,-51.81704,1363.50937,1177.80548,-132.44837,1181.45874,1195.7576,-180.00017,1044.48891,1186.19522,-176.95072,945.70427,1237.42203,-107.80287,889.45549,1418.88672,-139.56682,821.45691,1372.26837,-161.63698,833.55904,1433.06549,220.30733,930.39566,1226.67824,-7.44359,885.18204,1190.8979,227.50874,930.31952,1023.22876,50.9627,917.16209,1010.37796,286.90493,649.95621,1158.34579,289.62297,486.88473,1298.1694,248.54563,306.04794,1343.78952,237.54948,123.84057,1288.97614,167.6873,48.52592,1228.47488,194.79183,41.73818,1427.47238,34.42101,618.76495,1004.04106,-40.96609,428.12004,1031.02806,27.02779,272.6733,881.08597,33.54934,251.54015,695.93483,108.81796,262.32058,666.58676,28.4044,84.92042,665.53558
103,3.41,235.11225,1584.17435,1298.43002,66.01545,1583.43124,1315.79468,234.02195,1547.34451,1152.60109,40.09,1548.82477,1169.11888,222.29017,1329.12476,1270.94276,71.91236,1329.84467,1289.26254,196.36786,1389.15192,1129.13696,44.34575,1389.7998,1145.0663,117.87995,1217.64587,1082.40334,146.96286,1263.93417,1317.25739,137.32244,1160.89966,1333.74115,337.971,1351.73096,1195.51636,387.15385,1181.12625,1128.56689,411.23081,1049.77188,1089.46152,427.01584,920.69069,1061.27831,403.82366,746.94542,1123.99338,430.56744,757.09976,1043.17284,453.54824,708.74596,1087.02232,-54.49663,1379.04114,1231.65428,-131.89395,1194.12155,1240.8242,-172.55981,1055.19165,1229.39346,-171.05724,952.08336,1265.62088,-103.5723,863.94707,1435.5632,-138.94491,807.24731,1377.87216,-158.39266,807.28531,1439.80499,226.91708,945.40909,1288.24646,-2.72989,904.93484,1256.02524,228.69854,949.42329,1084.69337,52.36603,932.6268,1073.70117,285.89411,661.52328,1198.34351,282.73306,487.55127,1324.60098,244.37592,303.64689,1356.45599,233.79475,124.422,1292.68768,165.53623,49.92267,1229.45641,191.85041,40.8236,1428.50708,37.61111,623.90617,1098.10486,-39.62906,441.24401,1147.19032,27.70528,284.65403,1001.092,36.34218,264.20847,817.7092,109.16887,273.5376,774.79668,31.60547,96.56675,805.5056
104,3.443,230.48012,1604.5372,1360.2092,60.68303,1602.87888,1371.43585,234.50521,1570.80231,1213.82629,39.83506,1571.53137,1223.54424,220.02956,1353.20618,1328.99597,69.63796,1352.45682,1344.90509,196.82322,1408.50754,1185.36911,45.26857,1407.78107,1198.75839,121.64391,1235.65735,1141.73676,144.88152,1287.6973,1374.96719,136.66256,1184.72481,1392.56454,337.51972,1375.29602,1255.85342,388.56644,1200.02045,1200.84976,412.02419,1066.02814,1170.28816,425.37018,932.42294,1155.91095,396.02062,770.07706,1239.73297,424.29989,765.44701,1159.27231,449.00608,728.37158,1212.33521,-56.31989,1397.69241,1282.39014,-132.02095,1209.24492,1281.28891,-163.79831,1070.5172,1267.17171,-165.26325,965.12909,1288.80737,-98.79678,844.6254,1439.41559,-140.22808,803.44971,1373.89786,-155.14122,790.19913,1435.3418,233.29241,960.81818,1348.72849,0.73359,928.19519,1319.69894,226.37997,968.36403,1145.22011,50.44998,954.02023,1137.57927,283.98674,676.27159,1235.69229,276.58575,489.93469,1339.25842,239.28856,304.59358,1363.00766,232.95694,126.387,1295.16434,165.82092,51.82605,1229.92462,190.6105,40.49479,1429.1478,34.67029,640.52315,1186.00624,-34.97187,459.25785,1262.71347,32.2767,291.49584,1129.71809,36.47704,255.44149,947.53036,107.84889,261.91614,899.02405,37.062,90.40306,961.37344
105,3.477,223.61179,1620.63293,1420.76248,53.55194,1617.51633,1426.51749,232.72997,1590.88669,1274.17198,37.93348,1589.66324,1277.19856,217.07474,1377.82303,1384.87732,68.19346,1373.62671,1398.96286,196.8194,1424.32999,1240.15434,46.56646,1421.9455,1251.43501,125.98216,1249.7438,1199.25858,143.39355,1309.93393,1431.05499,136.95093,1206.90804,1450.42023,336.46969,1398.20175,1314.18625,390.77187,1221.51917,1273.5434,413.69854,1083.53004,1253.08685,423.79856,946.48254,1254.11621,385.22934,798.05183,1356.8576,417.72095,780.98572,1279.11888,440.13386,753.66127,1339.23004,-57.01595,1412.69104,1333.32062,-126.42238,1225.22591,1328.88809,-156.20998,1084.99359,1303.7175,-160.22627,979.20013,1310.80444,-94.81994,831.83731,1437.08191,-140.82691,805.80963,1367.54654,-152.46513,780.31342,1425.56778,237.04931,972.27249,1406.92749,2.23925,948.58681,1383.06625,223.08109,983.79829,1205.48302,47.8672,971.20018,1200.88638,280.10685,690.06134,1268.24333,270.49799,493.35789,1347.76245,236.77311,308.41915,1365.38452,232.02629,130.85808,1296.63483,164.76429,56.13206,1232.16698,190.52792,40.43631,1431.07468,26.15083,657.79961,1267.64565,-30.10315,478.74577,1373.21579,39.66118,294.47226,1261.25908,38.29338,230.48054,1086.37802,108.90074,228.87419,1031.77902,41.3949,76.06369,1134.33243
106,3.51,216.06808,1629.22791,1480.65842,45.90211,1623.5701,1481.44379,229.9081,1602.44064,1333.79181,35.04624,1598.27103,1331.03348,212.85572,1394.75189,1438.84125,67.07643,1388.12164,1451.27197,196.79138,1432.49039,1295.00397,47.88403,1429.55521,1305.93903,130.10715,1257.57126,1256.85974,141.3342,1324.09393,1486.84265,135.93035,1221.1908,1507.98203,334.88766,1413.47763,1371.88004,393.68778,1238.46413,1345.19135,417.86888,1096.83388,1335.03555,422.97195,957.24396,1353.40057,372.58961,826.54213,1474.19769,407.57942,797.4617,1401.01608,426.40892,777.91634,1465.15137,-57.76868,1419.60129,1386.27487,-126.4581,1230.80429,1370.98923,-150.72777,1092.68654,1340.72418,-156.64289,988.67599,1333.93829,-91.89459,822.17117,1435.26016,-142.28655,808.965,1364.47006,-150.54346,773.1749,1417.20047,242.22855,977.44064,1463.21808,5.33976,960.31326,1446.45477,218.2091,992.20428,1263.17307,44.30367,980.74844,1263.91556,275.18484,703.63113,1297.57614,266.22272,499.63108,1355.02655,234.32156,315.29957,1368.255,230.42469,138.16154,1297.46063,162.33479,63.54867,1234.85764,190.98549,40.60451,1432.13531,11.2474,663.21342,1345.04547,-25.10705,496.68049,1476.48972,44.78042,292.32275,1393.39539,36.82738,195.68192,1234.04869,106.16766,181.7239,1176.85928,42.86013,58.77036,1316.14258
107,3.543,208.86873,1629.69238,1540.12939,38.76758,1621.21826,1536.46652,227.07167,1604.69299,1393.3197,32.3015,1597.13181,1385.3302,208.57315,1399.40536,1492.27875,64.4536,1390.19714,1503.87283,196.73733,1432.9686,1350.31372,47.50155,1427.95792,1362.48047,133.0002,1257.51381,1313.98407,138.88396,1326.26251,1542.93015,134.95134,1223.12401,1563.81744,332.92336,1418.47321,1430.50934,398.00934,1242.95418,1415.2298,424.82159,1101.00899,1416.61346,423.56819,963.03146,1454.21738,358.85044,853.64182,1588.70132,396.32561,813.43109,1522.70554,408.91998,800.32326,1589.73831,-59.46883,1417.36343,1441.2709,-124.37424,1228.42094,1417.45987,-146.19889,1092.38632,1376.61758,-153.25707,991.62949,1358.43414,-92.3065,812.59789,1437.65198,-144.02913,809.31969,1366.27365,-150.66688,765.96306,1413.37524,247.83802,976.39328,1517.24518,10.12932,963.33183,1510.03006,212.42546,992.33109,1318.70941,39.86483,981.09558,1327.02515,268.0121,712.65587,1331.52649,263.73266,504.35966,1368.36456,233.58368,320.11913,1375.58029,228.76375,145.03775,1300.05081,160.18393,71.42409,1237.01248,191.34855,40.46222,1432.68982,-2.88876,665.0576,1421.41281,-20.59193,506.78829,1568.86047,45.70421,286.0911,1522.60239,30.40679,155.28546,1391.23566,97.8275,127.48789,1334.99832,39.906,46.78776,1503.69003
108,3.577,202.35584,1621.93619,1599.62433,32.43732,1611.24512,1591.90491,224.39764,1597.48337,1453.19504,29.79164,1587.55341,1441.50528,206.31676,1390.52933,1551.40091,61.20021,1378.15277,1562.36404,196.07761,1426.17203,1408.5289,45.77815,1417.84363,1419.73877,134.19797,1249.28436,1369.14124,136.92796,1316.94519,1599.64035,135.31104,1213.5347,1619.91562,330.7766,1413.09219,1490.76492,402.68646,1238.34557,1485.8696,433.16032,1097.59125,1499.5224,425.44392,964.29466,1555.32455,344.37576,878.35526,1697.91214,384.20345,826.6909,1642.06894,389.73137,822.5119,1711.0701,-61.60368,1405.68985,1498.08899,-124.88249,1217.84683,1462.69852,-143.05657,1085.07111,1412.8801,-150.40874,987.97928,1384.86618,-94.86732,800.33485,1445.34805,-144.64069,805.86197,1372.78061,-153.16661,757.50504,1414.50714,251.46065,967.35687,1569.1951,14.0122,956.54335,1572.83112,205.40195,984.53766,1372.68463,33.73869,973.56003,1388.96408,261.79125,712.34566,1369.75967,260.42801,500.87177,1396.51321,229.53962,317.29435,1393.21548,223.94396,146.78804,1307.16446,154.39201,76.3238,1240.07523,189.61544,39.84071,1433.24554,-9.21448,664.06639,1498.79669,-17.87704,506.06297,1649.16183,40.98647,278.5737,1649.29886,19.31092,120.02625,1554.68689,85.64184,76.9029,1505.16998,30.14075,45.74749,1691.57593
109,3.61,196.25311,1608.0191,1658.96408,26.795,1596.15234,1647.9509,222.50256,1583.41721,1513.40332,27.69931,1571.63651,1497.35596,205.09329,1372.81021,1612.71881,58.43553,1357.86652,1622.74689,194.75853,1412.28455,1467.60788,43.8411,1402.20093,1478.89496,133.99793,1235.21263,1424.99176,135.50145,1298.63297,1657.47101,135.71289,1195.1461,1676.82816,328.40248,1399.71283,1551.7308,405.71739,1226.72897,1558.71185,441.16066,1088.80775,1583.66257,426.06346,962.80075,1655.19852,330.07881,899.46136,1799.51202,373.67737,839.22447,1757.12296,371.48918,845.53505,1825.95978,-63.77839,1386.57303,1556.54938,-126.56165,1200.69153,1509.00116,-141.63155,1071.75438,1451.80115,-149.02861,978.62106,1415.70465,-99.17021,786.02409,1461.07513,-145.32535,798.50395,1386.577,-156.95229,746.94702,1423.27164,253.47284,955.3849,1620.09521,17.53626,942.15134,1636.57669,195.81898,971.4537,1425.2005,25.15429,957.93999,1450.56351,256.54425,708.6972,1410.57281,258.47385,495.73669,1426.97266,227.01962,312.36568,1412.29874,219.80932,148.48822,1314.23416,148.87419,82.20137,1243.12424,188.38734,39.39017,1433.26218,-4.43753,652.66014,1570.39261,-16.90269,496.19057,1720.07309,33.88618,274.43409,1770.25314,6.86306,99.4511,1718.40805,71.26337,43.20857,1680.43472,16.71285,60.87978,1870.00458
110,3.643,190.50566,1592.0372,1719.31808,21.37492,1579.36081,1705.00931,219.83278,1565.84686,1574.71848,25.4525,1553.12927,1554.66049,205.00084,1348.53439,1675.47592,55.51277,1334.12048,1682.96844,192.71463,1396.87927,1528.39676,41.09774,1385.12497,1537.99332,132.94812,1218.54645,1482.6088,133.8768,1276.50871,1717.52121,135.31734,1172.85431,1735.30014,325.40844,1382.66602,1612.81967,405.70759,1212.23412,1631.2059,445.73475,1078.05504,1667.62833,425.41721,961.20483,1751.58218,317.21827,915.85159,1892.87109,364.60964,850.7148,1864.31824,356.68259,867.68089,1930.77454,-66.4669,1365.59219,1615.76523,-126.41326,1180.68375,1562.48566,-141.14445,1055.04105,1497.35107,-149.1722,966.70166,1454.91455,-103.25493,770.89561,1485.59708,-148.28965,789.55154,1411.40579,-161.44663,735.68703,1443.90305,254.52782,941.64597,1674.45663,20.34846,923.64197,1700.22003,186.35517,954.86,1480.95261,16.78649,936.79039,1512.88162,248.98359,705.70114,1455.20035,258.92673,492.44438,1456.56281,227.06703,308.83562,1431.06613,217.45537,152.78752,1321.34689,145.73398,90.49597,1246.70219,188.07552,39.12229,1432.93243,2.69421,628.00797,1629.8085,-18.04236,478.39649,1788.78143,29.9832,276.93195,1880.71625,-3.19616,96.33983,1871.27167,59.14423,31.95639,1843.30643,10.59309,89.0412,2028.48007
111,3.677,184.70388,1577.02118,1780.06363,15.8525,1564.2244,1763.15475,216.52081,1548.55759,1636.81305,22.44118,1535.57129,1613.16544,201.00582,1331.39572,1736.19507,51.6099,1315.4776,1743.35724,189.60072,1381.99326,1589.55826,38.05377,1368.56796,1597.19376,130.77972,1202.86385,1541.59119,130.89975,1258.37288,1778.65082,132.96019,1154.7599,1796.31638,320.99964,1368.07068,1675.32257,402.36389,1200.07896,1699.66248,445.2293,1070.66422,1746.31622,422.97642,960.53543,1839.03671,307.84164,927.12967,1977.56699,359.06685,860.64613,1959.64523,346.46572,885.93391,2023.10196,-69.91333,1348.50143,1673.8298,-128.41409,1164.71428,1616.41541,-141.30237,1039.97246,1550.83557,-149.64786,955.5851,1503.8176,-106.86368,757.51472,1522.3613,-152.77004,781.50612,1450.51285,-165.88387,725.70663,1479.9118,252.75112,926.39664,1733.71109,19.94579,907.38739,1765.67123,180.70902,937.50427,1542.27249,11.71733,918.37196,1578.30643,243.62135,700.99403,1505.94635,259.59438,487.60944,1493.33725,228.05618,305.87637,1454.24789,218.02099,159.39485,1331.94199,146.39452,103.41287,1252.1669,188.15531,38.94996,1433.14087,-2.07777,608.55759,1692.26105,-19.92622,461.53625,1857.11365,25.78786,281.04403,1974.88281,-12.25994,101.54058,1994.15604,48.34969,33.43658,1972.61368,11.58162,111.75371,2153.74725
112,3.71,178.72137,1565.05676,1840.8696,10.05529,1553.0011,1822.06375,212.00298,1534.45953,1698.40851,18.34295,1522.39594,1672.46979,196.26856,1319.2923,1798.96057,46.10149,1304.24408,1804.92035,185.52151,1369.13986,1651.36932,34.54955,1355.19531,1657.8038,128.62224,1189.26308,1604.74365,125.46173,1247.52296,1841.25214,127.87016,1144.01329,1859.72473,314.99985,1357.85461,1739.31091,397.41962,1191.54236,1767.94418,442.36355,1065.19814,1817.93732,419.71149,959.28322,1916.19278,302.17615,932.32864,2054.30756,354.75739,865.74394,2041.58493,341.57845,895.85098,2102.84576,-74.26566,1335.72861,1732.85736,-130.82377,1152.99583,1672.98294,-143.22682,1028.5183,1607.34314,-151.30869,944.79149,1559.88007,-111.58051,745.79033,1575.78415,-157.16978,772.41135,1504.74152,-170.69159,715.64713,1532.4733,250.21496,912.60162,1798.48343,17.33621,896.59744,1832.13272,176.1227,924.28635,1607.69867,7.29082,906.44882,1644.7876,241.61804,694.83749,1564.68689,261.55218,482.05559,1543.23837,229.83791,303.27618,1487.36877,220.6332,170.19041,1350.05341,149.55577,124.37612,1264.48135,188.25453,38.6577,1435.68405,-8.0128,599.43245,1766.88278,-23.26204,456.9873,1934.65805,25.1812,274.16134,2052.45728,-11.66627,94.69847,2071.74118,48.82288,25.84232,2049.58984,13.08215,105.8434,2230.90286
113,3.743,172.94777,1556.88904,1901.21078,4.25432,1546.1467,1881.43112,206.87956,1524.55505,1759.31381,13.31453,1514.00177,1732.15134,188.73997,1313.60214,1863.28354,39.03883,1296.87195,1867.78168,180.14608,1358.72208,1714.50729,29.88419,1343.94363,1720.1442,124.99502,1177.63023,1671.23169,118.05966,1241.53931,1906.66748,121.01632,1138.35213,1926.97083,308.43161,1350.24139,1802.92053,392.13924,1185.22446,1834.65332,438.38593,1059.66537,1883.79684,416.00037,954.76425,1983.72833,299.83561,931.32072,2123.83423,350.95242,863.69217,2110.57144,340.44792,894.92882,2171.57013,-79.9408,1326.30142,1793.85956,-136.06277,1143.73154,1733.91602,-148.02534,1019.28139,1669.27277,-155.16611,934.12506,1622.84317,-118.68044,735.12062,1645.6282,-160.82796,760.60509,1571.13052,-176.35323,704.4635,1599.16565,246.28834,900.99579,1870.48782,12.64448,891.26297,1902.61383,171.6544,914.46571,1679.34479,2.46389,900.00473,1715.57602,238.27543,686.03485,1634.36386,265.1688,474.72198,1607.44797,233.52566,301.41323,1531.95114,223.39067,186.20455,1379.2749,151.47738,154.10024,1290.03311,188.07077,37.8898,1440.65414,-16.43258,597.02774,1847.48611,-25.61369,458.68355,2016.19431,28.1184,257.77578,2115.7222,-5.87618,75.75701,2110.22797,51.50225,17.63155,2079.1124,20.44304,63.2964,2271.04904
114,3.777,167.93528,1555.32364,1960.44571,-0.89304,1547.42386,1940.79498,201.2394,1519.41772,1819.2337,7.4622,1512.11823,1792.28394,182.19126,1312.9216,1929.06448,31.42769,1294.47205,1931.75018,173.6511,1354.64233,1778.5318,23.94201,1339.98642,1783.10654,120.71584,1172.09183,1739.03595,110.28124,1240.98335,1972.77939,113.07761,1138.52516,1995.96359,303.99475,1346.67755,1866.28235,386.94382,1180.08415,1895.92209,433.7608,1053.29178,1943.47672,412.122,947.68135,2042.19635,300.15123,923.3754,2184.93805,349.11278,854.80217,2168.35571,341.28147,884.2205,2230.12344,-86.89095,1321.23383,1854.55933,-142.31738,1137.17178,1798.8826,-154.662,1011.10413,1737.4054,-160.93502,923.60252,1693.90274,-127.31242,726.26938,1729.48532,-165.17717,747.4688,1649.53583,-183.18705,693.42766,1679.90463,240.02157,891.95198,1944.60144,7.2915,897.88895,1969.82819,172.34226,906.67252,1751.091,-0.01854,904.11362,1782.30972,233.41013,673.22624,1712.90909,269.05224,463.76465,1688.46436,240.41954,299.90606,1593.67447,225.47306,205.87492,1427.20978,149.27317,187.18966,1343.00964,188.24389,35.23368,1451.66687,-25.56457,602.6487,1918.51028,-33.48088,466.11645,2091.50665,32.07747,256.45134,2168.48984,-8.3424,77.42422,2142.16965,45.33115,26.83403,2090.67047,31.5959,29.61083,2293.40622
115,3.81,164.41545,1559.08478,2018.16711,-4.68858,1554.47128,1999.73053,195.96062,1519.01611,1877.66571,1.96603,1515.59967,1852.02484,176.87122,1315.75439,1994.3367,26.33441,1297.86484,1994.15924,171.85787,1359.30847,1844.0123,21.21286,1341.94397,1844.08844,120.97075,1176.5139,1804.21692,104.47461,1245.02502,2037.20963,107.18762,1142.79663,2061.16425,299.41629,1351.18057,1935.40497,381.48582,1180.29625,1953.21442,427.28325,1052.02957,1994.60693,408.35278,940.97458,2088.50266,302.78843,908.61794,2234.04388,349.46571,840.4158,2211.39252,345.33554,866.27411,2275.05096,-90.92985,1323.27789,1913.97873,-146.47372,1137.15431,1866.94122,-160.93544,1007.99789,1811.08078,-166.81067,917.31979,1772.84927,-136.13203,722.56889,1824.61624,-171.0265,737.98515,1742.17682,-191.26541,687.18826,1776.29974,230.73643,890.68802,2014.05563,-2.45936,908.89244,2031.56799,178.12063,901.41159,1817.74933,2.29296,911.31874,1841.22711,228.63979,653.98972,1795.64224,272.74588,448.983,1787.47467,247.05456,297.7702,1677.29034,225.23464,229.38747,1499.37302,146.57191,228.09906,1424.50958,189.84356,47.43095,1477.82379,-39.99279,613.26271,1979.69604,-37.84878,476.49487,2151.40091,27.17455,253.23231,2201.29883,-4.58282,80.08866,2147.07977,47.49898,29.52116,2094.0274,35.56929,27.35064,2297.7681
116,3.843,163.53813,1570.17105,2073.1076,-5.89205,1565.83649,2057.51663,192.63618,1527.79434,1932.72125,-1.86374,1524.66095,1910.53284,175.23233,1326.58661,2053.59863,24.97793,1307.92999,2053.74069,170.55984,1369.58664,1903.33466,19.97181,1350.72662,1902.72919,122.31946,1184.84184,1862.62619,103.5478,1255.25826,2097.04269,106.62391,1152.87041,2120.44968,298.35161,1361.18698,1994.42352,376.79245,1189.02191,2011.28799,420.20123,1057.46033,2041.88782,405.24113,938.07808,2124.97467,306.48033,889.29962,2270.85037,351.41346,823.52524,2238.13583,351.64761,842.84447,2303.9119,-92.37378,1332.39151,1971.99783,-148.34646,1144.30748,1933.96729,-165.56007,1011.76674,1886.57898,-171.73946,917.07237,1856.90979,-143.70669,727.59689,1928.21762,-176.68455,735.34134,1846.17432,-199.26689,689.75327,1885.2211,226.33045,897.6825,2072.88361,-7.46329,920.05348,2090.06241,173.28127,907.42081,1874.89975,-1.91868,922.38289,1899.82849,222.45825,637.41898,1880.8902,275.71438,440.01125,1898.48221,246.68489,301.06701,1780.83847,223.07598,253.64086,1596.81717,136.26089,259.03746,1532.66434,206.61596,77.5559,1543.28918,-39.11878,619.76475,2020.39108,-41.94874,467.45525,2185.27817,26.71885,247.95855,2215.74982,-3.21043,79.85858,2153.35449,48.14062,31.85765,2094.41849,36.75679,26.9996,2297.51923
117,3.877,165.46436,1585.98251,2125.5954,-4.3012,1581.07376,2114.34494,190.26793,1543.57605,1984.09729,-3.98347,1540.0499,1967.31171,177.9118,1342.75528,2107.15424,27.36172,1324.48807,2111.12061,168.50769,1382.77908,1956.2384,18.10676,1365.27985,1959.60785,116.68928,1198.86116,1920.10498,106.81262,1271.95007,2152.99561,110.11353,1169.61525,2176.88934,300.31866,1375.7341,2043.3815,374.01203,1200.95024,2056.12076,412.05231,1066.13892,2083.53271,402.56523,939.67552,2152.77939,311.97721,868.4687,2294.96567,357.23591,809.86702,2251.40839,359.00925,818.3989,2319.30603,-92.58764,1348.49579,2031.83212,-149.56109,1158.52165,2001.37451,-168.3404,1023.67683,1962.48642,-174.82502,924.65652,1943.60657,-148.65819,744.82262,2037.65884,-178.5729,742.304,1955.3685,-205.36129,704.63478,2000.00381,224.33565,912.4025,2127.16583,-10.07003,931.51466,2145.00488,169.3713,923.45154,1929.60281,-4.74596,941.43509,1956.1264,219.96765,636.6732,1966.13571,275.49618,447.49409,2009.08417,246.22585,313.7072,1892.54242,217.71313,276.65445,1705.49805,131.6722,278.45825,1633.02002,207.44684,101.09922,1666.15189,-44.69174,633.22056,2055.68939,-41.30113,471.77917,2204.75876,25.79002,246.3125,2224.53629,-2.33958,80.08778,2154.9707,49.08298,33.71099,2094.93591,37.36914,26.75969,2297.59155
118,3.91,169.85537,1602.55539,2176.00342,-0.33615,1597.397,2170.29907,190.00191,1561.59393,2033.37585,-4.86984,1557.79922,2023.07343,181.11752,1360.84076,2157.81586,31.06369,1344.20197,2166.30859,166.95702,1397.96906,2007.2319,16.71404,1382.61261,2014.99847,111.88519,1215.04578,1973.51364,111.03764,1290.77789,2206.24832,113.72566,1188.51013,2230.73242,302.03451,1391.1972,2090.28534,373.29811,1213.7925,2094.50684,405.62298,1077.01294,2120.0029,402.03106,945.63828,2174.2485,319.71401,850.87402,2309.272,366.72539,803.41759,2255.38132,367.6104,797.99515,2323.40912,-91.73386,1368.72269,2091.0733,-150.29657,1177.9335,2073.2695,-170.99194,1040.8606,2039.89929,-177.01168,938.34488,2031.59744,-150.73648,773.1073,2148.81744,-177.57961,757.87598,2066.62994,-207.67996,728.9711,2116.36642,221.22564,931.67465,2180.52292,-14.33912,943.92174,2196.01288,170.10899,940.53093,1982.88956,-4.15416,958.27744,2007.2113,223.49047,643.92319,2048.21014,274.82342,462.62848,2119.46976,243.87651,324.41505,2012.24823,216.79632,280.38921,1826.71326,134.03394,280.71371,1747.72675,199.79607,104.80144,1802.20047,-45.60628,648.23105,2083.50876,-41.67661,469.78928,2214.21783,25.73121,246.82194,2227.55081,-2.69028,82.00747,2155.40848,49.83326,36.14756,2095.71503,37.5721,26.67415,2297.94434
119,3.943,175.65962,1615.84366,2225.65491,5.36224,1611.05881,2225.83084,190.4315,1576.09512,2082.02225,-4.59997,1572.91733,2078.55942,184.00276,1376.3652,2207.64923,34.98211,1362.47177,2220.17181,165.68859,1410.95459,2057.56561,15.86903,1397.83142,2069.45313,106.79989,1229.21936,2026.88354,114.89042,1307.14386,2258.29117,116.34041,1204.98573,2283.55911,303.3308,1403.5051,2137.52838,371.03527,1227.33192,2138.63586,400.73544,1087.3983,2152.52197,403.0991,952.43767,2191.88004,327.76321,835.79193,2314.7052,376.99158,800.51994,2254.70566,377.6405,782.63718,2320.61417,-89.90541,1387.90649,2149.05487,-151.40598,1197.77046,2142.61353,-175.17466,1058.6805,2116.94183,-180.2644,953.53401,2120.30106,-150.03051,807.0092,2260.09888,-175.13231,779.04198,2179.56467,-206.10846,757.44286,2232.51678,217.34751,948.12332,2233.82843,-19.39619,953.21831,2243.38776,174.8155,953.37303,2036.65115,-0.85117,971.6243,2055.05936,232.16234,656.51917,2127.16644,273.90038,481.24214,2227.28851,236.48703,331.48407,2134.0976,214.48757,268.27726,1953.57407,135.16952,262.82042,1866.98151,189.31654,98.57197,1958.53592,-38.16829,658.26736,2106.69922,-38.97455,473.53188,2220.71014,26.35258,250.00063,2230.52414,-0.55617,85.81427,2156.29227,53.40966,40.68168,2097.60117,37.82788,26.72355,2299.00925
120,3.977,182.13253,1624.03534,2275.10818,11.84286,1620.8667,2281.05209,191.29318,1584.32388,2130.35507,-3.72899,1583.34595,2134.29108,186.69033,1386.68793,2257.14737,38.87851,1374.99893,2272.54089,165.1436,1420.48965,2108.64456,15.54944,1408.94516,2123.07892,103.38132,1240.00473,2078.54721,118.28958,1317.51511,2309.25705,118.30936,1215.30975,2334.32358,305.03208,1410.37582,2185.77286,369.9675,1233.79387,2176.46408,397.62184,1092.94556,2183.5965,404.88537,956.34499,2207.78015,336.87271,821.7437,2316.35864,386.72352,797.42393,2252.44919,388.28503,770.20302,2315.27496,-87.52043,1401.66428,2205.05234,-153.93802,1213.31352,2210.67566,-182.16827,1073.3902,2193.36136,-185.98644,966.85562,2209.86847,-145.59209,841.19438,2366.39084,-172.5956,802.38663,2293.02505,-201.09289,786.92757,2348.44269,212.99883,958.21175,2287.96982,-24.437,959.93515,2288.37433,180.43858,963.26897,2088.72894,4.6316,981.32057,2100.53436,243.46542,667.94205,2201.94626,271.93604,502.30312,2326.40564,231.73672,336.83487,2253.88062,212.56998,245.31305,2084.50928,135.73131,226.15294,1995.1564,182.02644,83.54465,2120.48004,-31.73441,674.93919,2129.83398,-37.7227,478.54378,2225.20874,27.479,255.80578,2234.84573,2.06659,92.82863,2156.71509,58.34346,48.94059,2100.45258,37.88256,26.72869,2300.07248
121,4.01,188.49304,1626.90002,2324.82452,18.48369,1625.49927,2336.25534,192.44709,1587.26288,2180.0589,-2.77846,1588.15643,2190.30106,189.80377,1389.27902,2307.8511,41.99815,1379.52866,2323.77899,166.25584,1425.25726,2160.46661,15.9513,1414.69437,2175.16571,102.1933,1245.41092,2128.46313,120.92933,1320.98312,2359.7229,119.52459,1218.47778,2383.73932,307.34386,1411.43097,2235.32928,370.35542,1233.16444,2213.96439,395.38162,1093.40256,2214.50562,406.40732,957.37762,2223.8652,345.94246,808.3651,2316.93069,394.66103,792.99759,2249.64478,399.27822,759.48914,2309.25705,-84.75651,1408.14117,2258.37372,-156.36942,1223.07579,2276.53076,-190.82592,1082.95792,2268.94501,-192.91636,977.73964,2298.85864,-137.63906,874.86511,2467.49954,-170.42049,825.74539,2401.90399,-193.11834,818.12897,2462.03125,209.37054,963.7841,2341.74637,-28.16471,962.40974,2332.84088,186.79226,965.66086,2142.12967,10.69695,985.82794,2145.8078,250.80183,677.64633,2273.91083,269.54681,518.66364,2411.59988,230.76254,339.9543,2366.78909,213.44753,214.91848,2219.88037,136.69886,176.90723,2134.26758,184.96567,68.47251,2290.27954,-23.39593,685.2774,2156.82938,-35.16576,484.22653,2234.81613,27.8502,260.69016,2240.01785,3.03075,99.59857,2158.55301,60.47085,57.10797,2102.0755,37.38075,26.19463,2300.23605
122,4.043,194.35141,1623.52005,2375.32669,24.72334,1623.07236,2391.46545,193.79885,1584.86923,2230.36392,-1.15649,1586.90948,2245.86624,192.97102,1385.17792,2359.30527,44.71663,1377.37183,2374.42154,168.62431,1423.14377,2211.91147,17.86582,1413.28232,2225.28259,103.32411,1244.217,2178.14026,122.94302,1317.72629,2409.73358,120.15472,1215.13947,2433.2338,310.03866,1406.77994,2287.1933,369.63474,1229.56703,2256.11969,393.84174,1090.17853,2245.85785,407.22683,955.48714,2241.34521,354.41216,795.3875,2319.14124,401.29211,788.73627,2249.02084,409.45251,749.8085,2305.02579,-82.03444,1407.80807,2309.90112,-158.90416,1226.46194,2338.82706,-198.85857,1087.32819,2341.8396,-199.43624,985.78278,2385.35568,-128.34914,906.44089,2561.13495,-167.22666,848.89893,2506.24664,-183.66062,850.24948,2569.20654,207.31541,962.77641,2395.17746,-29.68437,958.66783,2378.00247,192.65438,963.93333,2194.08188,17.83604,983.62297,2193.90396,252.88252,681.03302,2339.49036,267.05256,526.12858,2483.48709,232.56514,338.57494,2472.43515,217.86537,182.09221,2359.97681,140.27232,122.5772,2287.07565,197.6009,58.77237,2464.42795,-13.50817,692.72934,2187.75375,-32.82714,485.07935,2251.50452,29.63863,262.395,2249.78699,5.78709,104.11221,2161.5683,64.11369,62.75951,2105.23758,38.07048,26.07159,2300.8403
123,4.077,199.84505,1614.88998,2426.4061,30.56916,1615.48752,2446.29623,195.77608,1577.80807,2281.15707,1.11588,1580.92773,2300.74432,195.71518,1375.60806,2410.85114,46.94677,1368.8353,2424.8645,172.17112,1415.98892,2263.58109,20.41438,1406.5947,2276.20941,105.5109,1237.77588,2227.67426,124.52226,1308.54797,2459.7963,120.75201,1205.85617,2482.85629,313.28205,1396.65894,2340.14923,370.89718,1220.75478,2298.87833,393.03825,1082.96394,2279.41864,407.72923,950.8226,2261.94321,362.20444,782.14096,2325.08118,406.85722,784.43748,2252.87842,417.81223,739.64241,2303.9537,-78.88677,1401.60828,2360.5864,-160.99197,1223.69095,2398.36105,-204.96096,1086.66283,2411.68625,-202.9644,990.28244,2466.97342,-119.93629,934.1806,2646.49841,-164.51059,869.68925,2602.28943,-174.2461,880.36896,2666.10687,205.89033,956.09215,2449.95636,-29.83767,951.17981,2423.07648,198.6392,957.4691,2247.9805,24.3646,976.75682,2240.72601,250.50837,676.03455,2397.68631,264.8037,522.23877,2539.50272,238.29437,335.22762,2567.96936,225.03288,154.2568,2500.77301,147.05407,75.89259,2450.86548,215.84827,63.64074,2636.45264,-6.09066,691.67282,2223.91998,-29.74951,482.2646,2278.0722,31.87907,259.9194,2261.46194,8.27718,106.44941,2165.86029,66.84362,67.9152,2107.00806,39.46514,25.77225,2300.23148
124,4.11,204.77812,1602.40891,2478.46283,35.83266,1603.71078,2500.7605,198.18029,1566.68945,2332.8801,3.98288,1570.84717,2355.02029,198.88693,1361.77368,2463.05939,49.59229,1355.6308,2476.10809,176.08644,1404.92188,2316.09009,23.83168,1395.40512,2326.64352,108.88135,1227.39601,2276.09467,126.55654,1295.43579,2510.83817,121.98107,1192.76505,2533.68332,316.72003,1383.25592,2393.30658,373.34366,1207.66373,2344.33136,392.99664,1072.43797,2317.68219,409.16256,944.49387,2288.88214,369.11358,769.35478,2336.75781,411.8845,780.02678,2263.58612,424.4067,729.87007,2309.69528,-74.8982,1391.4151,2410.68939,-159.78503,1217.24655,2456.4238,-207.86734,1081.88232,2476.86447,-203.49174,991.48056,2541.49506,-112.96913,958.03177,2725.06226,-159.16529,887.584,2689.00085,-166.90464,905.85571,2751.40686,203.85715,945.48981,2506.20071,-29.8599,942.27875,2469.79462,206.07153,944.85214,2304.1394,32.73713,965.16182,2291.38306,249.66331,660.93155,2447.23801,263.40576,505.0338,2588.84674,241.53175,329.235,2655.36896,232.64828,137.73326,2636.59302,155.93051,49.77786,2607.92297,226.89278,84.70868,2791.36932,-0.05923,689.52744,2264.54742,-29.81529,478.97999,2303.01392,32.75615,255.32627,2274.52225,8.82692,110.13657,2170.03571,68.06123,73.87479,2109.36432,39.99879,25.02625,2300.12161
125,4.143,209.6472,1588.24142,2531.14853,40.78263,1589.66248,2554.39117,201.81709,1553.76007,2385.07385,7.71925,1558.1842,2408.4053,202.73834,1346.86691,2514.82224,52.97565,1340.57556,2526.89346,180.48349,1391.13205,2367.84836,28.16796,1381.93436,2377.08801,112.90918,1213.3091,2328.14651,129.53504,1280.81436,2562.01782,124.28705,1178.34763,2585.46387,320.91377,1368.55637,2445.49744,375.32845,1195.11757,2392.07855,393.90217,1060.05211,2359.75113,411.05209,936.76086,2322.31354,374.16309,756.99219,2355.44785,417.43534,775.76866,2283.99963,429.62582,720.86006,2324.04572,-70.53864,1378.9476,2460.76996,-157.57706,1207.34474,2510.86395,-207.70767,1073.38928,2536.32294,-201.74194,988.5672,2608.27026,-109.30549,974.31946,2793.26752,-154.23223,899.7467,2765.02502,-162.01736,923.92944,2824.80957,204.02866,931.81511,2563.31573,-27.83571,931.10817,2520.34973,214.62778,928.53584,2361.83533,41.84665,950.64713,2343.97797,254.06029,641.23322,2498.61206,261.75465,484.13101,2638.90472,243.92508,326.57108,2729.75006,239.84711,136.67016,2746.5033,166.40657,42.42033,2734.05334,230.88396,109.32454,2911.51062,6.81539,687.3217,2307.80533,-29.78896,474.02554,2335.28488,31.49522,252.32391,2292.26089,7.94663,114.9214,2176.371,67.04833,82.70772,2112.76352,39.35755,25.12213,2300.7756
126,4.177,214.44187,1574.85977,2584.10461,45.52101,1575.99625,2607.10144,206.67156,1541.17981,2437.74033,12.55603,1545.41351,2460.82916,207.57278,1332.77756,2567.01019,57.29994,1326.80832,2578.70178,185.41862,1377.08755,2419.98962,32.98587,1368.58185,2429.07135,117.43831,1199.04869,2381.26984,133.74346,1267.46201,2614.35455,128.16316,1165.35355,2639.01733,325.86494,1353.88168,2497.15027,378.98312,1180.69283,2439.83795,395.74875,1047.0121,2404.79309,413.39966,927.05444,2362.26166,377.95197,744.74632,2384.96948,422.54818,769.90097,2315.98221,432.93209,711.04607,2350.06897,-65.95186,1366.00845,2511.91284,-154.29539,1194.37706,2562.1759,-204.54834,1061.44829,2589.85138,-197.95382,981.45111,2667.01477,-108.18135,980.66925,2851.42822,-150.15863,904.66736,2830.43976,-159.464,933.18947,2887.7713,207.55932,919.08066,2622.10114,-23.0367,919.80736,2576.72333,222.35662,912.58118,2421.32477,49.6779,936.97563,2400.12054,255.41012,625.39703,2556.28952,259.23208,471.90571,2696.16791,241.41226,320.55801,2795.79895,241.97762,132.29482,2823.24158,170.29041,33.46777,2815.82703,230.29455,111.63468,2989.62311,11.60616,680.50713,2360.93735,-31.2583,467.80521,2377.73468,29.38987,250.31809,2316.71402,5.17211,123.10214,2186.98227,63.60425,96.96049,2119.43405,38.78379,24.92918,2302.16339
127,4.21,219.47283,1563.24051,2636.88416,50.39062,1563.40302,2658.81165,212.80615,1529.59442,2490.30151,18.47692,1532.88483,2512.10297,213.47744,1320.98892,2619.88342,62.74465,1315.0943,2630.88409,190.85951,1363.04504,2472.18994,38.99961,1355.28503,2481.21216,122.6638,1184.52736,2436.51657,139.34944,1256.77467,2668.172,133.64184,1155.02884,2694.52332,331.57856,1340.69717,2548.66776,383.04089,1168.08861,2489.22607,398.86711,1035.00267,2452.80304,416.11206,916.32751,2408.27805,381.39709,732.87094,2426.98334,425.97752,761.37436,2358.80096,435.5101,700.48866,2389.375,-60.62662,1353.69492,2563.21564,-148.60846,1180.77492,2610.77667,-198.53378,1047.85843,2637.24487,-192.35085,970.37003,2717.32483,-106.72612,978.52936,2903.45154,-146.59838,900.67688,2884.55597,-158.51166,932.03949,2940.67322,213.62482,908.41652,2682.20764,-17.29572,906.90269,2637.82104,227.94659,902.33475,2481.53854,55.44909,925.02647,2461.92474,257.95807,618.74268,2620.49744,263.01571,461.69128,2759.60602,240.4665,301.75125,2851.27258,235.41359,111.18721,2864.76257,163.13745,16.05707,2849.72809,218.68671,82.12371,3029.15894,16.41317,669.79462,2420.48798,-34.26693,457.72659,2432.08862,26.71597,247.26244,2347.84592,2.46746,135.39351,2204.35135,61.76757,118.31862,2134.16351,38.18062,23.90894,2304.63089
128,4.243,222.50629,1557.30377,2668.41644,53.43569,1556.97662,2689.32831,216.92333,1523.61984,2521.87256,22.50981,1525.98236,2542.36176,217.57557,1314.68826,2651.68427,66.41196,1308.99628,2662.62268,194.91611,1355.02563,2503.00629,43.15412,1347.55875,2511.87164,126.30777,1175.62012,2470.30396,143.22545,1251.63101,2700.77637,137.35296,1150.28137,2728.86017,335.55611,1333.48114,2579.6283,386.01627,1161.36551,2520.22995,401.49426,1027.88231,2482.85431,418.12454,909.21585,2438.65768,383.75507,725.68253,2458.06595,427.27997,754.51965,2389.40948,436.9627,693.33351,2419.26834,-57.04463,1346.61804,2593.80402,-144.70227,1172.52182,2639.23584,-193.99094,1038.88451,2663.26813,-188.48248,961.96922,2744.14063,-105.90699,972.25677,2931.55975,-144.79446,893.7648,2912.44598,-157.33442,925.0267,2967.70447,217.47171,905.51476,2717.80426,-13.417,898.42209,2675.8429,232.41457,897.01965,2517.58499,57.38179,918.47565,2498.21503,265.25873,614.96754,2660.88806,266.81402,457.3019,2797.01904,244.4223,298.96948,2884.67804,236.09634,107.76808,2886.98059,165.99079,26.10018,2863.47137,213.48484,48.98644,3057.77832,18.35468,661.30424,2459.37103,-37.83986,451.24084,2470.01633,23.68284,245.82514,2371.81793,2.24947,146.44394,2217.99606,63.14401,135.54477,2149.94797,37.83201,22.75783,2306.92429
